1305031102.175304 0.000000000 0.000000000 0.000000000 -0.000000000 -0.000000000 -0.000000000 1.000000000
1305031102.211214 -0.000960425 0.009148550 0.011178146 -0.001684418 -0.003273986 -0.001402875 0.999992251
1305031102.243211 -0.001925637 0.006659461 0.024225613 -0.009085866 -0.006192851 -0.001294025 0.999938726
1305031102.275326 -0.000884438 0.009684206 0.037214670 -0.013186791 -0.009606884 -0.000756233 0.999866664
1305031102.311267 -0.000527235 0.007735766 0.049846206 -0.018176403 -0.011888935 -0.000166042 0.999764144
1305031102.343233 -0.000987045 0.008995624 0.062368449 -0.020016676 -0.013776444 0.001648599 0.999703407
1305031102.375329 -0.001083226 0.009295714 0.074337944 -0.022198660 -0.015832551 0.001864133 0.999626517
1305031102.411258 -0.005091290 0.013771603 0.085978210 -0.023188781 -0.017677631 0.000814154 0.999574482
1305031102.443271 -0.002541687 0.021323219 0.096469179 -0.026902512 -0.022402644 0.001558791 0.999385834
1305031102.475318 -0.001829061 0.021295199 0.110019781 -0.034395665 -0.024800751 0.001183937 0.999099851
1305031102.511219 -0.000032910 0.020353522 0.121412538 -0.039894376 -0.024383856 0.000025293 0.998906434
1305031102.543220 -0.001731022 0.020308223 0.133998454 -0.044564754 -0.022596074 -0.002010971 0.998748899
1305031102.575286 0.000696548 0.013262484 0.147192478 -0.048680793 -0.022018271 -0.003574318 0.998565316
1305031102.611233 -0.002129702 0.011068691 0.158560798 -0.046431206 -0.018204514 -0.003057226 0.998750925
1305031102.675285 -0.007196081 0.021767369 0.181618959 -0.044117920 -0.018056154 -0.000922821 0.998862743
1305031102.711263 -0.007755648 0.021251652 0.194491684 -0.045435276 -0.018287785 0.000399819 0.998799801
1305031102.743234 -0.006793791 0.027459629 0.206736296 -0.045715097 -0.019061066 0.002435826 0.998769760
1305031102.775472 -0.005580613 0.029495541 0.219325840 -0.047377173 -0.017351814 0.000185716 0.998726428
1305031102.811232 -0.007290157 0.033813547 0.231828973 -0.047891360 -0.013705806 -0.000666201 0.998758316
1305031102.843290 -0.006505935 0.033629864 0.244387716 -0.050008591 -0.010556108 -0.001576946 0.998691738
1305031102.875363 -0.011829491 0.035983443 0.256807655 -0.049139705 -0.005648961 -0.004012758 0.998767912
1305031102.911185 -0.011577589 0.039316345 0.268551797 -0.048505694 -0.004585613 -0.005202938 0.998798907
1305031102.943229 -0.019814808 0.041764516 0.280151904 -0.048314642 -0.001692701 -0.007322168 0.998803914
1305031102.975203 -0.023917556 0.047091529 0.291741312 -0.047923874 -0.007955222 -0.006758582 0.998796463
1305031103.011215 -0.023593538 0.049478177 0.300983846 -0.049085703 -0.014250547 -0.004271321 0.998683810
1305031103.043227 -0.023621224 0.053254142 0.312745333 -0.050620001 -0.020701086 -0.001406136 0.998502493
1305031103.075319 -0.019623552 0.052153397 0.323583722 -0.051296223 -0.024981275 0.001052534 0.998370409
1305031103.111240 -0.021965656 0.060859974 0.330636054 -0.048053522 -0.023468535 0.001771322 0.998567462
1305031103.143318 -0.020013059 0.062320177 0.339138299 -0.050279245 -0.024517253 0.003215121 0.998429060
1305031103.175452 -0.020035591 0.068096429 0.347075850 -0.050032690 -0.023202989 0.004042842 0.998469889
1305031103.211220 -0.021618009 0.074309163 0.354877800 -0.054027639 -0.022873022 0.005463635 0.998262525
1305031103.243216 -0.021406149 0.078213051 0.362515092 -0.060486563 -0.022880154 0.009218718 0.997864187
1305031103.275370 -0.027917169 0.078090377 0.369027615 -0.070549950 -0.023374766 0.012443372 0.997156680
1305031103.311210 -0.026787911 0.072444275 0.376458704 -0.079189435 -0.033704925 0.012974039 0.996205151
1305031103.343223 -0.021812821 0.074866146 0.378353089 -0.079029478 -0.039347015 0.012158468 0.996021271
1305031103.375327 -0.019857623 0.073124483 0.376599431 -0.083412603 -0.038091499 0.014195975 0.995685637
1305031103.411260 -0.021672528 0.069134049 0.376235485 -0.085777380 -0.036829460 0.015364335 0.995514810
1305031103.475274 -0.021561539 0.062547177 0.367595047 -0.086395122 -0.042070217 0.013036171 0.995286942
1305031103.511333 -0.022232357 0.057332471 0.360899568 -0.084300473 -0.042855293 0.010044290 0.995467722
1305031103.543444 -0.022882832 0.054047897 0.353128344 -0.079335563 -0.043527465 0.007849710 0.995866299
1305031103.575474 -0.021635510 0.049763106 0.344768882 -0.076123208 -0.046080779 0.009069812 0.995991766
1305031103.611223 -0.021738537 0.044866808 0.335372925 -0.074135140 -0.049525827 0.010405453 0.995963395
1305031103.643445 -0.021140106 0.040544804 0.324126989 -0.071228191 -0.053521488 0.010830334 0.995964229
1305031103.675523 -0.018107874 0.036632780 0.313354343 -0.068741374 -0.056875762 0.011301715 0.995947838
1305031103.711610 -0.015990568 0.033119000 0.301184684 -0.066213809 -0.058199305 0.011167045 0.996044099
1305031103.743326 -0.013763684 0.026154671 0.289267808 -0.064681001 -0.058361098 0.010247157 0.996145308
1305031103.775342 -0.012989634 0.024534674 0.274215907 -0.060648806 -0.057855923 0.007132778 0.996455491
1305031103.811242 -0.012836737 0.023824874 0.259983987 -0.059957251 -0.056434877 0.004081020 0.996596038
1305031103.843251 -0.014754131 0.025485694 0.243748352 -0.061672758 -0.055589564 0.001730003 0.996545732
1305031103.875361 -0.014595198 0.013462680 0.233719826 -0.070368096 -0.059019160 -0.001276250 0.995772779
1305031103.911221 -0.014280052 0.006073394 0.221342266 -0.070010908 -0.062633611 -0.003180163 0.995572925
1305031103.943211 -0.011562543 0.002405983 0.205730900 -0.068017870 -0.065814376 -0.003568404 0.995504558
1305031103.975373 -0.007271486 -0.003770367 0.193717182 -0.066988558 -0.069153242 -0.004541754 0.995344043
1305031104.011232 -0.003666094 -0.008318372 0.181581795 -0.062605001 -0.069408156 -0.005600038 0.995606303
1305031104.043249 -0.000920216 -0.011293479 0.165274709 -0.055122066 -0.066338263 -0.007562806 0.996244729
1305031104.075425 0.003934749 -0.011994545 0.149121419 -0.050638799 -0.062811665 -0.010580311 0.996683836
1305031104.111235 0.005890158 -0.015844066 0.135795310 -0.047089487 -0.056899752 -0.012787945 0.997186780
1305031104.143230 0.003645941 -0.021838186 0.121286109 -0.043007657 -0.050146282 -0.014115211 0.997715592
1305031104.175424 0.002231212 -0.022927029 0.105410933 -0.037984502 -0.046030652 -0.015170328 0.998102307
1305031104.211283 0.004052164 -0.028267717 0.092720762 -0.034500368 -0.044321876 -0.015062549 0.998307824
1305031104.275546 0.006391191 -0.031677354 0.066852868 -0.024946421 -0.039327011 -0.015730029 0.998791099
1305031104.311219 0.005878573 -0.032711055 0.055092707 -0.020871101 -0.035533741 -0.016021404 0.999022126
1305031104.343342 0.010769896 -0.033226896 0.043405883 -0.017671233 -0.032828107 -0.015692480 0.999181628
1305031104.375837 0.009041813 -0.034961924 0.032225240 -0.016074304 -0.027253695 -0.015611422 0.999377429
1305031104.411509 0.006710120 -0.035112437 0.022426393 -0.014395425 -0.022861784 -0.015366196 0.999516904
1305031104.443288 0.003780367 -0.035202794 0.013824731 -0.014055859 -0.021177212 -0.014151870 0.999576747
1305031104.475456 -0.002130104 -0.035518829 0.004255522 -0.014069851 -0.021038946 -0.013865205 0.999583542
1305031104.511329 -0.002409445 -0.042031519 -0.006370859 -0.014520306 -0.023603227 -0.013057298 0.999530733
1305031104.543368 -0.001904196 -0.044779643 -0.013813186 -0.011829079 -0.025601592 -0.011819797 0.999532402
1305031104.575343 0.006837638 -0.046725705 -0.023181487 -0.006944821 -0.027504276 -0.010894608 0.999538183
1305031104.611336 0.016046872 -0.062156182 -0.030586554 -0.001334949 -0.024838766 -0.008198113 0.999656975
1305031104.643243 0.017967163 -0.058028791 -0.041304775 0.012078430 -0.017509772 -0.007965357 0.999742031
1305031104.675525 0.019865353 -0.061884142 -0.050900772 0.023150997 -0.009602479 -0.007002235 0.999661386
1305031104.711277 0.017110258 -0.060732976 -0.060877841 0.037846897 -0.000746965 -0.004313723 0.999273956
1305031104.743280 0.021490553 -0.059136964 -0.072745547 0.051109638 0.005081643 -0.003267370 0.998674810
1305031104.775327 0.023185648 -0.056596875 -0.081010610 0.063952260 0.012137385 -0.000946887 0.997878730
1305031104.811465 0.022166079 -0.049998313 -0.091569021 0.076729439 0.019786844 0.000773417 0.996855319
1305031104.843258 0.023636926 -0.044164184 -0.098386027 0.086145379 0.026082577 0.003908020 0.995933473
1305031104.875350 0.018331930 -0.037514459 -0.102681339 0.092494518 0.030197656 0.005978751 0.995237291
1305031104.911534 0.020085234 -0.032791633 -0.102053642 0.095351271 0.030530164 0.008663559 0.994937718
1305031104.943262 0.021154491 -0.034413796 -0.102775082 0.095437139 0.031062271 0.008778519 0.994912028
1305031104.975202 0.019241342 -0.023748545 -0.098765925 0.096427299 0.030401114 0.009680402 0.994828582
1305031105.011290 0.021056416 -0.022621095 -0.093042769 0.091391712 0.029440004 0.009998669 0.995329559
1305031105.043373 0.018454317 -0.017433133 -0.083233371 0.086543947 0.029259579 0.008649847 0.995780706
1305031105.075320 0.020903211 -0.019346246 -0.075043842 0.078696825 0.027892094 0.007017148 0.996483624
1305031105.111299 0.017320314 -0.022904238 -0.064028636 0.071725562 0.027579570 0.005451886 0.997028172
1305031105.143106 0.009031394 -0.011008808 -0.050983198 0.067684680 0.026339609 0.002684788 0.997355402
1305031105.175159 0.011561171 -0.005927031 -0.036468137 0.054945558 0.021670831 0.000463753 0.998254120
1305031105.211268 0.003927303 -0.012797253 -0.023000309 0.041305482 0.019291045 -0.002310722 0.998957694
1305031105.243270 -0.001895143 -0.009919172 -0.010578658 0.033318684 0.014948715 -0.003886307 0.999325454
1305031105.275288 -0.004890500 -0.004873267 0.003609098 0.023844788 0.008458061 -0.004855951 0.999668121
1305031105.311290 -0.007688659 -0.007829000 0.018858667 0.012493779 0.000995648 -0.005996798 0.999903500
1305031105.343302 -0.013875518 -0.014052911 0.032428712 0.002602844 -0.004171375 -0.007372451 0.999960721
1305031105.375338 -0.012210500 -0.015632812 0.046474714 -0.001831274 -0.010275357 -0.006592672 0.999923825
1305031105.411286 -0.013839977 -0.007432715 0.060679082 -0.005474485 -0.015132758 -0.007630143 0.999841392
1305031105.443316 -0.013597359 -0.011965629 0.076825239 -0.013785618 -0.019794514 -0.008030420 0.999676764
1305031105.475280 -0.014332926 -0.010387991 0.088952847 -0.017112857 -0.023143217 -0.007963249 0.999553978
1305031105.511332 -0.012782921 -0.009201542 0.102802753 -0.022121930 -0.026469411 -0.007458423 0.999376953
1305031105.543282 -0.014305535 -0.009388055 0.117806867 -0.026287014 -0.026821325 -0.007091932 0.999269485
1305031105.575449 -0.015845709 -0.008974390 0.131916881 -0.029653871 -0.027975759 -0.006525221 0.999147356
1305031105.611378 -0.013930004 -0.010941105 0.146786258 -0.033274040 -0.029570797 -0.005833420 0.998991728
1305031105.643273 -0.015264940 -0.009059287 0.161088690 -0.033686340 -0.029672464 -0.002933062 0.998987556
1305031105.711309 -0.008596051 -0.009419137 0.190619886 -0.035802934 -0.030363074 -0.001979666 0.998895586
1305031105.743312 -0.007180064 -0.002516287 0.203126445 -0.032787435 -0.026972974 -0.001528839 0.999097228
1305031105.775339 -0.005563734 -0.003542619 0.217881903 -0.034122255 -0.022543944 -0.001946143 0.999161482
1305031105.811283 -0.004689291 -0.002865206 0.232669309 -0.033473443 -0.017868504 -0.000371816 0.999279857
1305031105.843271 -0.003641363 0.000971184 0.246456563 -0.031173363 -0.014403582 0.000072957 0.999410272
1305031105.875337 -0.004707579 0.008097523 0.257817030 -0.029135915 -0.008176572 0.002111211 0.999539793
1305031105.911262 -0.004064672 0.012196767 0.273363471 -0.031643048 -0.004177557 0.007021191 0.999465883
1305031105.943272 -0.003474595 0.017884322 0.285927743 -0.033398006 -0.001073464 0.009553529 0.999395907
1305031105.975329 -0.004799041 0.022103660 0.298567802 -0.037831396 0.001564789 0.010953815 0.999222875
1305031106.011285 -0.003686782 0.026834797 0.310888350 -0.041535888 0.003534843 0.012430020 0.999053478
1305031106.043355 -0.003694484 0.029920239 0.323139906 -0.046512809 0.005339084 0.013827879 0.998807728
1305031106.075330 -0.005437511 0.034996763 0.333971590 -0.050013881 0.006452886 0.014951302 0.998615801
1305031106.111327 -0.008102336 0.042627826 0.344467670 -0.053696699 0.007144205 0.015833942 0.998406231
1305031106.143355 -0.010229536 0.043120086 0.355322272 -0.061766893 0.006034880 0.017420301 0.997920394
1305031106.175534 -0.011369480 0.045231074 0.365651906 -0.065714389 0.004652203 0.018502917 0.997656107
1305031106.211275 -0.012858386 0.044576366 0.375385225 -0.070046484 0.003625537 0.018968878 0.997356772
1305031106.243267 -0.014637170 0.047462042 0.382951528 -0.070054621 0.002728859 0.022591867 0.997283578
1305031106.276385 -0.015900208 0.054237794 0.388948292 -0.069627412 0.001148753 0.023439847 0.997296989
1305031106.311238 -0.015047322 0.057977509 0.394853741 -0.073106013 -0.000762721 0.027279001 0.996950746
1305031106.343258 -0.016145574 0.065431312 0.397877842 -0.076488703 -0.001884034 0.027578363 0.996687233
1305031106.375388 -0.010462086 0.064531207 0.400098592 -0.087018110 -0.004414369 0.020312123 0.995989859
1305031106.411320 -0.009235296 0.057305913 0.403070420 -0.095959119 0.000684956 0.014528764 0.995279074
1305031106.443278 -0.014894965 0.051979098 0.401344836 -0.098703831 0.006953166 0.009637370 0.995045960
1305031106.475345 -0.018494768 0.049496822 0.397596568 -0.098650493 0.007457704 0.008285743 0.995059729
1305031106.511129 -0.019270821 0.045875344 0.392593801 -0.096972272 0.003876730 0.008197088 0.995245814
1305031106.543302 -0.016659712 0.042667758 0.383255422 -0.094021186 -0.001394635 0.007995769 0.995537162
1305031106.575282 -0.017793735 0.040568143 0.372614831 -0.090606607 -0.002678111 0.006226349 0.995863736
1305031106.611151 -0.020247338 0.041254487 0.360270292 -0.088596299 -0.005042834 0.003113723 0.996050000
1305031106.643207 -0.018730693 0.033018231 0.349744946 -0.090384282 -0.008610021 0.001203864 0.995869040
1305031106.675279 -0.022849316 0.032480985 0.335455120 -0.087080449 -0.010179025 0.001113149 0.996148705
1305031106.711508 -0.022266723 0.026864877 0.324058890 -0.089854568 -0.016837744 0.000783130 0.995812297
1305031106.743341 -0.024334248 0.023675665 0.308531851 -0.087949082 -0.022334607 0.000807154 0.995874286
1305031106.775390 -0.020762844 0.019989783 0.293223768 -0.087150440 -0.030007496 0.001447694 0.995742142
1305031106.811289 -0.018857019 0.019178791 0.277556568 -0.086756013 -0.034773618 0.001226471 0.995621800
1305031106.843416 -0.017247047 0.009738058 0.263674289 -0.088941567 -0.039442856 -0.000083610 0.995255589
1305031106.875905 -0.015048043 0.005376938 0.246730909 -0.082962990 -0.042120367 -0.004015090 0.995653987
1305031106.911243 -0.015882157 0.005897291 0.226753712 -0.078138448 -0.040744394 -0.008455298 0.996073663
1305031106.943439 -0.015648022 0.000383376 0.212560609 -0.076628461 -0.039802287 -0.012761102 0.996183276
1305031106.975547 -0.012154671 -0.008484835 0.195695668 -0.071915261 -0.038884196 -0.015324994 0.996534705
1305031107.011576 -0.012706094 -0.004342409 0.174883008 -0.062886477 -0.035525262 -0.019795774 0.997191727
1305031107.043281 -0.013301013 -0.009780144 0.160354123 -0.063640252 -0.033017159 -0.021799367 0.997188389
1305031107.075432 -0.017816758 -0.016308375 0.145267054 -0.059524208 -0.030599382 -0.022725441 0.997498989
1305031107.111229 -0.015251324 -0.015503745 0.128511384 -0.053648084 -0.032188404 -0.023539597 0.997763395
1305031107.143260 -0.012469425 -0.015285279 0.112454683 -0.051167984 -0.031807974 -0.023781318 0.997900069
1305031107.175399 -0.011823548 -0.023407765 0.099793404 -0.050398808 -0.030216884 -0.024595937 0.997968972
1305031107.211358 -0.009793719 -0.029284922 0.086349785 -0.044651870 -0.028054796 -0.026348561 0.998260915
1305031107.243378 -0.007496826 -0.029565489 0.071428031 -0.037952535 -0.025253708 -0.026537575 0.998607874
1305031107.275398 -0.004920830 -0.031713292 0.059854314 -0.032086648 -0.022327682 -0.026149372 0.998893499
1305031107.311226 -0.003379899 -0.037397083 0.048353184 -0.025453707 -0.018836094 -0.026809083 0.999138951
1305031107.343509 -0.000164796 -0.043728884 0.035060462 -0.014985930 -0.015174606 -0.027016101 0.999407530
1305031107.375413 0.001059259 -0.041040402 0.023760987 -0.005445945 -0.010258818 -0.026919454 0.999570131
1305031107.411271 0.003828522 -0.042609077 0.015982559 0.000891098 -0.005730203 -0.027870767 0.999594688
1305031107.443419 0.008240349 -0.040822323 0.009808347 0.006606009 -0.001966500 -0.027008584 0.999611437
1305031107.475377 0.009716443 -0.041025028 0.006296980 0.009664514 0.002655642 -0.026364962 0.999602139
1305031107.511352 0.010512592 -0.034277607 0.002624861 0.012886021 0.006517773 -0.026080335 0.999555588
1305031107.543605 0.017085209 -0.037692953 0.003586723 0.008952065 0.007631799 -0.023731304 0.999649167
1305031107.575454 0.018497767 -0.041238360 0.004771836 0.008295895 0.009763264 -0.021063648 0.999696076
1305031107.611271 0.017254435 -0.028871898 0.003477013 0.012308901 0.012460389 -0.019782268 0.999650896
1305031107.643323 0.021313887 -0.032641452 0.006060285 0.007123012 0.012610693 -0.018562354 0.999722838
1305031107.675568 0.021213006 -0.031152239 0.008458340 0.006176284 0.012996044 -0.017510088 0.999743164
1305031107.711307 0.020162841 -0.027580572 0.010501786 0.005390612 0.013075820 -0.016493831 0.999763906
1305031107.743538 0.017577665 -0.023483131 0.012004123 0.002599569 0.012334934 -0.016050914 0.999791682
1305031107.775802 0.017900517 -0.022870326 0.015609316 -0.000115620 0.009302752 -0.017457930 0.999804318
1305031107.811596 0.020409619 -0.022456497 0.018181885 -0.002728925 0.006714956 -0.017210064 0.999825656
1305031107.843332 0.020551933 -0.020836286 0.019735066 -0.004976185 0.006614020 -0.018298516 0.999798357
1305031107.875358 0.026886771 -0.024237426 0.021950461 -0.006403498 0.006549933 -0.021662608 0.999723434
1305031107.911541 0.030276041 -0.023507446 0.024008799 -0.005232463 0.009500396 -0.023751730 0.999659121
1305031107.943122 0.034639526 -0.026960468 0.025818253 -0.004323598 0.013063507 -0.024562193 0.999603629
1305031107.975807 0.041038554 -0.026772605 0.030131593 -0.001615577 0.017159833 -0.024320150 0.999555647
1305031108.011320 0.051895108 -0.025644852 0.031132516 0.002527545 0.021163717 -0.025975404 0.999435365
1305031108.043418 0.067362450 -0.021424387 0.032116964 0.006003382 0.026337249 -0.023724763 0.999353528
1305031108.075352 0.076245897 -0.022001915 0.037122380 0.007234232 0.036023449 -0.017981997 0.999163032
1305031108.111378 0.083055653 -0.025407601 0.041771658 0.009033747 0.042561054 -0.018163687 0.998887956
1305031108.143334 0.096329935 -0.021110520 0.044300091 0.012354524 0.044970110 -0.017648892 0.998755991
1305031108.176058 0.103323385 -0.013901283 0.047377478 0.012284574 0.049959429 -0.015334354 0.998557985
1305031108.211475 0.119799435 -0.018107222 0.051312976 0.005943742 0.049576864 -0.015278884 0.998635769
1305031108.243347 0.137053221 -0.023890069 0.056493588 0.003910058 0.051374055 -0.016910605 0.998528659
1305031108.275358 0.145632967 -0.018437274 0.058077302 0.005249950 0.056480825 -0.017070452 0.998243928
1305031108.311332 0.151409686 -0.014439088 0.063277692 0.002096249 0.059036959 -0.015657486 0.998130798
1305031108.343278 0.161988631 -0.010747184 0.066036850 -0.002730899 0.057340376 -0.013378316 0.998261333
1305031108.375410 0.169291839 -0.010059956 0.070583634 -0.008051782 0.055239342 -0.008797024 0.998401940
1305031108.411361 0.181969613 -0.011457614 0.075682431 -0.013997993 0.051325783 -0.002884529 0.998579681
1305031108.443610 0.197330564 -0.009912808 0.076830044 -0.018182686 0.048910979 0.004164163 0.998628974
1305031108.475471 0.211903870 -0.013568973 0.080002353 -0.022039078 0.047589563 0.010707334 0.998566508
1305031108.511378 0.233512372 -0.015647791 0.081237458 -0.021686940 0.047975697 0.015805675 0.998488009
1305031108.543737 0.244237423 -0.018748220 0.083130158 -0.018336613 0.055771150 0.014057173 0.998176277
1305031108.575414 0.256032795 -0.008596384 0.082122803 -0.011727314 0.060600482 0.012811414 0.998010993
1305031108.611407 0.274292022 -0.009461938 0.083255701 -0.012636462 0.064452820 0.013578715 0.997748375
1305031108.643303 0.282838583 -0.003744924 0.085754029 -0.010987329 0.071065314 0.015533192 0.997290254
1305031108.675375 0.302950263 0.000503792 0.081432432 -0.012990199 0.073037378 0.019682443 0.997050345
1305031108.711411 0.313488185 -0.001387943 0.085424997 -0.017501758 0.080686092 0.024660667 0.996280730
1305031108.743502 0.312310368 -0.007034190 0.087866224 -0.021282338 0.089109667 0.024476612 0.995493591
1305031108.775493 0.324933618 -0.003901586 0.087095685 -0.021355202 0.091077149 0.027012525 0.995248377
1305031108.811244 0.326604337 -0.005598287 0.087870628 -0.023205435 0.095326260 0.031974029 0.994661808
1305031108.843264 0.328050733 -0.007027443 0.087350518 -0.022534432 0.096058510 0.038056813 0.994392633
1305031108.876515 0.324695140 -0.009373192 0.086644784 -0.021399960 0.094769150 0.042985510 0.994340599
1305031108.911364 0.325826496 -0.015945747 0.085743867 -0.020163329 0.091244288 0.048637010 0.994435787
1305031108.943243 0.318189263 -0.016856391 0.084330097 -0.015508947 0.089751877 0.048997391 0.994637311
1305031108.975268 0.317479640 -0.008295658 0.078793161 -0.008932028 0.082465582 0.047321305 0.995429754
1305031109.011269 0.320330501 -0.008201529 0.075230956 -0.009416143 0.076784074 0.046208937 0.995931923
1305031109.043277 0.309209496 -0.010286112 0.075390562 -0.009175397 0.077554218 0.042881511 0.996023357
1305031109.075410 0.300554603 -0.002404188 0.071174130 -0.008616290 0.075014547 0.037483212 0.996440530
1305031109.111282 0.291742891 -0.005500246 0.072501592 -0.013497363 0.073889427 0.034882188 0.996564865
1305031109.143334 0.273993075 -0.009471104 0.073012099 -0.015344298 0.073752955 0.032273795 0.996636093
1305031109.175464 0.264354706 -0.001889309 0.070550688 -0.013111871 0.066650085 0.029214203 0.997262478
1305031109.211379 0.258732468 0.013394647 0.071549222 -0.013508203 0.059766073 0.032971345 0.997576296
1305031109.243290 0.242795199 0.008882770 0.071777195 -0.023928812 0.058503211 0.037561376 0.997293353
1305031109.275308 0.227258340 -0.007919293 0.072308920 -0.031249745 0.055630311 0.040881474 0.997124612
1305031109.311329 0.206388801 -0.004313909 0.068417348 -0.027500864 0.048807085 0.041879237 0.997550845
1305031109.343248 0.194606632 0.003050121 0.066412240 -0.028128503 0.037918761 0.041456785 0.998024225
1305031109.375397 0.183921605 -0.001080790 0.067455269 -0.032290187 0.029018695 0.040289339 0.998244464
1305031109.411329 0.171637341 0.004715709 0.066235200 -0.030770116 0.021574656 0.037193086 0.998601258
1305031109.443302 0.160389468 0.005219829 0.062008198 -0.034709848 0.015644683 0.031078044 0.998791635
1305031109.475363 0.150399640 0.002685845 0.062907673 -0.038234752 0.012376854 0.027945817 0.998801291
1305031109.511273 0.136491105 -0.002777472 0.062638670 -0.039420567 0.010442471 0.023752159 0.998885810
1305031109.543294 0.125770733 -0.001732856 0.059152648 -0.036799267 0.007894000 0.021624157 0.999057531
1305031109.575362 0.107748851 0.003459478 0.056538150 -0.034376528 0.009471545 0.021138037 0.999140501
1305031109.611310 0.093749784 0.002668994 0.053640500 -0.035013180 0.007912245 0.019111918 0.999172807
1305031109.643229 0.084410250 0.004139779 0.052431323 -0.035426293 0.006006317 0.018612020 0.999180913
1305031109.675263 0.067139275 0.010027157 0.051642332 -0.036003731 0.006526875 0.020528955 0.999119520
1305031109.711312 0.053047206 0.012036014 0.052917425 -0.038628563 0.003313777 0.020051785 0.999046981
1305031109.743274 0.039292492 0.013865891 0.053221051 -0.043021169 0.000237029 0.020000501 0.998873949
1305031109.775277 0.029168947 0.012412993 0.054648675 -0.046540000 -0.002071701 0.020150475 0.998711050
1305031109.811371 0.015764015 0.013256763 0.053546529 -0.048777677 -0.002670899 0.019316688 0.998619318
1305031109.843296 0.003034184 0.013975959 0.055884149 -0.052308429 -0.005756799 0.018469030 0.998443604
1305031109.875306 -0.017488969 0.015914420 0.057001442 -0.055241216 -0.006735378 0.016378768 0.998315990
1305031109.911265 -0.029923458 0.012597410 0.058587115 -0.057362854 -0.013084640 0.010833751 0.998208880
1305031109.943299 -0.042192034 0.019690370 0.063002080 -0.057596624 -0.016684216 0.007346958 0.998173475
1305031109.975258 -0.057243884 0.019980138 0.066512056 -0.061663527 -0.018175391 0.002038049 0.997929454
1305031110.011256 -0.068380848 0.020019751 0.071453169 -0.064520493 -0.021601826 -0.003908869 0.997674882
1305031110.043299 -0.080900580 0.019796895 0.073365010 -0.067320578 -0.022633806 -0.010722036 0.997417033
1305031110.075319 -0.095837183 0.022103669 0.075960465 -0.069099255 -0.022365382 -0.015753079 0.997234643
1305031110.111325 -0.109081097 0.021420447 0.078237012 -0.074247405 -0.024067059 -0.019902907 0.996750712
1305031110.143432 -0.127210096 0.014170257 0.076897033 -0.077603713 -0.025398111 -0.025217112 0.996341705
1305031110.175641 -0.136688426 0.021440336 0.076640151 -0.077147804 -0.029341020 -0.026575364 0.996233463
1305031110.211637 -0.146077409 0.016072026 0.079171702 -0.083082169 -0.033632226 -0.027134173 0.995605350
1305031110.243323 -0.158372536 0.014011830 0.082207523 -0.083843581 -0.037434045 -0.026432250 0.995424747
1305031110.279321 -0.166832224 0.013846712 0.082349181 -0.081993602 -0.041760486 -0.027988764 0.995364189
1305031110.311404 -0.179238215 0.014245582 0.080655999 -0.079411395 -0.044675145 -0.029210536 0.995411873
1305031110.343355 -0.186845794 0.016180566 0.080701299 -0.078348689 -0.050924331 -0.028984016 0.995202601
1305031110.379281 -0.199826360 0.014870945 0.080458656 -0.078123517 -0.056055896 -0.032432210 0.994838059
1305031110.411469 -0.209327802 0.019906679 0.076749742 -0.076777495 -0.063020609 -0.035140622 0.994433880
1305031110.443260 -0.218508631 0.025041884 0.077914469 -0.079641715 -0.070304520 -0.038916823 0.993579447
1305031110.479331 -0.234253675 0.023877779 0.082405798 -0.082836367 -0.076214194 -0.044784166 0.992634833
1305031110.511429 -0.237989038 0.013993933 0.072619073 -0.087179355 -0.085867576 -0.045657821 0.991434276
1305031110.543408 -0.247233093 0.020331832 0.072254248 -0.087303445 -0.092836097 -0.048795253 0.990645587
1305031110.579426 -0.258699298 0.023458134 0.069380134 -0.091024302 -0.097845115 -0.054135609 0.989550591
1305031110.611307 -0.268053770 0.024873262 0.079559416 -0.094495587 -0.101951011 -0.058155049 0.988582134
1305031110.643418 -0.276844382 0.024362685 0.081108019 -0.092846967 -0.104246214 -0.061157338 0.988317788
1305031110.679606 -0.286943018 0.030133829 0.075341687 -0.091549940 -0.104937814 -0.064334571 0.988163888
1305031110.711412 -0.296173811 0.028397838 0.078287512 -0.095885284 -0.106493481 -0.065312773 0.987521887
1305031110.743249 -0.300822169 0.028303225 0.079457447 -0.096165799 -0.108468145 -0.066690147 0.987187564
1305031110.779193 -0.305180520 0.030996310 0.077929780 -0.095173568 -0.109757774 -0.068009891 0.987051189
1305031110.811386 -0.308011562 0.030092709 0.077437364 -0.096402206 -0.110083878 -0.069654718 0.986780822
1305031110.843218 -0.310274094 0.030070489 0.078388318 -0.098031290 -0.112476297 -0.071244203 0.986236930
1305031110.879313 -0.310185760 0.031413272 0.079444915 -0.097414054 -0.114351183 -0.071231291 0.986083448
1305031110.911333 -0.309199214 0.031250946 0.078647196 -0.098411523 -0.115892179 -0.071580946 0.985779047
1305031110.943862 -0.306140393 0.034464855 0.080405511 -0.097113639 -0.118107177 -0.072705507 0.985562623
1305031110.979345 -0.298762143 0.041276090 0.084828332 -0.095115885 -0.117660105 -0.074262314 0.985694826
1305031111.011431 -0.290537000 0.042583711 0.089440100 -0.095965549 -0.113870651 -0.073958740 0.986080229
1305031111.043327 -0.285954744 0.040151909 0.086768888 -0.096023180 -0.107251123 -0.071084388 0.987027764
1305031111.079283 -0.278413892 0.042377025 0.085752077 -0.097356752 -0.104809903 -0.069046699 0.987304032
1305031111.111508 -0.268711865 0.040104602 0.091033027 -0.099128284 -0.103337429 -0.065557033 0.987520754
1305031111.143257 -0.259485692 0.039367557 0.090197071 -0.097043417 -0.100513503 -0.064870946 0.988064468
1305031111.179326 -0.246301949 0.042958625 0.095273018 -0.093222417 -0.097799465 -0.065841958 0.988640308
1305031111.211433 -0.235632271 0.041495174 0.091699913 -0.091850594 -0.089029968 -0.062599540 0.989807308
1305031111.243236 -0.227223054 0.032829199 0.091666058 -0.094224028 -0.086177893 -0.060391452 0.989973783
1305031111.279308 -0.211114556 0.030570714 0.094615281 -0.090147883 -0.086141571 -0.058782164 0.990453303
1305031111.311547 -0.205963641 0.031509388 0.079890154 -0.086719364 -0.078127444 -0.055308443 0.991623342
1305031111.343397 -0.194311023 0.029210744 0.082554832 -0.091361590 -0.082398824 -0.054676745 0.990895510
1305031111.379134 -0.177744865 0.023397267 0.088260636 -0.091599457 -0.085934512 -0.051462214 0.990745425
1305031111.411296 -0.167416424 0.023704398 0.084280618 -0.087224312 -0.086666316 -0.049395267 0.991181612
1305031111.443386 -0.153153285 0.025974408 0.089321852 -0.086334243 -0.092421025 -0.055620771 0.990409613
1305031111.479259 -0.127307802 0.024964776 0.096874230 -0.082722008 -0.089727737 -0.053864185 0.991062462
1305031111.511264 -0.115163885 0.019209726 0.093369059 -0.080436260 -0.078702025 -0.053392369 0.992212296
1305031111.543250 -0.106799893 0.019871503 0.089336209 -0.075244769 -0.069152415 -0.052794408 0.993362427
1305031111.579237 -0.089460962 0.022842992 0.085270196 -0.070924766 -0.060452655 -0.045563564 0.994605064
1305031111.611271 -0.090041675 0.023545982 0.089922272 -0.071305729 -0.052785177 -0.042731170 0.995139837
1305031111.643395 -0.060654227 0.012943568 0.092867687 -0.071096659 -0.059032969 -0.032589808 0.995187581
1305031111.679320 -0.036970090 0.018611914 0.091664284 -0.064561367 -0.054736055 -0.025454206 0.996086299
1305031111.711760 -0.023157833 0.016519684 0.091289386 -0.064690888 -0.046998568 -0.023578346 0.996519148
1305031111.743386 -0.003918112 0.011949562 0.093705170 -0.062008414 -0.036950521 -0.019539962 0.997200012
1305031111.779423 0.012580548 0.013541839 0.094183311 -0.058475222 -0.020037860 -0.015545988 0.997966766
1305031111.811406 0.020052522 0.006216552 0.094357394 -0.058218293 -0.002978601 -0.015983876 0.998171449
1305031111.843299 0.027558802 0.012839014 0.091329746 -0.052052043 0.009183303 -0.013055895 0.998516798
1305031111.879442 0.038685072 0.016312236 0.094838738 -0.051229279 0.015245162 -0.009842929 0.998522103
1305031111.911354 0.042526975 0.008189546 0.096213467 -0.052898362 0.017440476 -0.003895882 0.998440027
1305031111.943300 0.061193727 0.009727597 0.095772929 -0.050508521 0.011771985 0.005493427 0.998639166
1305031111.979449 0.082586914 0.015426214 0.097071782 -0.047271747 0.011008222 0.011857466 0.998751044
1305031112.011433 0.102947608 0.011209959 0.098777339 -0.046686400 0.016005917 0.012165255 0.998707294
1305031112.043270 0.117665455 0.013809215 0.095152281 -0.041836817 0.024197662 0.009876471 0.998782575
1305031112.079339 0.136298627 0.009417522 0.094093390 -0.041193806 0.033619855 0.008930361 0.998545468
1305031112.111423 0.136284247 0.009820904 0.096057795 -0.038424011 0.045873202 0.003881805 0.998200536
1305031112.144342 0.157039732 0.010073242 0.092010945 -0.037863396 0.048248243 -0.002330406 0.998114765
1305031112.179390 0.172271758 0.010223560 0.095494218 -0.040289730 0.060338050 -0.005856926 0.997347414
1305031112.211254 0.184810847 0.000200428 0.098330207 -0.042879671 0.069928251 -0.011261892 0.996566355
1305031112.243369 0.197413623 -0.007115424 0.097924031 -0.038950335 0.079417743 -0.015816217 0.995954633
1305031112.279353 0.202928379 -0.004617244 0.097851969 -0.032252241 0.087277211 -0.018712351 0.995486021
1305031112.311312 0.212340638 -0.008626701 0.100060090 -0.027170060 0.089803442 -0.020719254 0.995373249
1305031112.343323 0.224758774 -0.005997806 0.099049717 -0.019194625 0.089403532 -0.018973427 0.995629787
1305031112.379360 0.236212820 -0.004914864 0.097455882 -0.014430062 0.087386735 -0.014619750 0.995962739
1305031112.411442 0.255154788 0.000380896 0.094557300 -0.009591616 0.082523450 -0.009289344 0.996499717
1305031112.443391 0.268504769 -0.005492228 0.094179146 -0.009214086 0.080724277 -0.003712180 0.996686995
1305031112.479418 0.273358792 -0.003454622 0.093990855 -0.005435684 0.080645993 0.005670793 0.996711910
1305031112.511504 0.282396615 -0.004010528 0.095233500 -0.003338442 0.077437215 0.013282145 0.996903241
1305031112.543212 0.291479200 -0.004549627 0.096431538 -0.000881329 0.074234530 0.016728822 0.997100174
1305031112.579252 0.300420612 -0.002924052 0.094550915 0.001610647 0.071102776 0.022568969 0.997212350
1305031112.611261 0.320728064 0.002537896 0.091338344 0.003377356 0.067053996 0.029645750 0.997303128
1305031112.643246 0.330266804 0.001301240 0.088814951 -0.000350579 0.072482169 0.035959199 0.996721208
1305031112.679952 0.333354473 0.000964728 0.093073599 -0.002232355 0.079329811 0.039566219 0.996060431
1305031112.711251 0.335207552 0.001907824 0.094050288 -0.004085986 0.084251009 0.041051809 0.995590210
1305031112.743245 0.338491350 0.014340556 0.092695884 -0.005098120 0.086791180 0.044813246 0.995205045
1305031112.779310 0.336412221 0.008213277 0.095724568 -0.014862174 0.091815181 0.047235716 0.994544089
1305031112.811310 0.320509255 0.001844715 0.101904087 -0.018707560 0.096480489 0.045822114 0.994103611
1305031112.843286 0.320420921 0.011482994 0.100021623 -0.018212244 0.089771323 0.044455174 0.994803071
1305031112.879421 0.323636442 0.011982725 0.100362711 -0.021583891 0.084411405 0.047558185 0.995061398
1305031112.911411 0.312596738 0.009658585 0.101919651 -0.025284918 0.083329216 0.048848875 0.995002866
1305031112.943321 0.301120758 0.008469058 0.105986759 -0.027643181 0.080194242 0.047363445 0.995269597
1305031112.979278 0.297184527 0.009301958 0.104206331 -0.027795933 0.073450573 0.044971995 0.995896637
1305031113.011353 0.293766052 0.011844133 0.099631011 -0.028768545 0.068947278 0.045248687 0.996178329
1305031113.043231 0.282825738 0.009128014 0.101739042 -0.034188762 0.068483993 0.042234428 0.996171355
1305031113.079251 0.267654032 -0.000999338 0.101066761 -0.037539091 0.068285987 0.037397198 0.996257663
1305031113.111316 0.256381273 0.004157641 0.097157247 -0.033439852 0.062856212 0.032301512 0.996939063
1305031113.143306 0.248651221 0.011582504 0.096602038 -0.033602089 0.059179310 0.030904235 0.997202933
1305031113.179343 0.234621167 0.002148409 0.095406517 -0.039082889 0.058584735 0.033136807 0.996966600
1305031113.211259 0.215459406 0.001910629 0.093414657 -0.036981218 0.055049088 0.034023814 0.997218370
1305031113.243227 0.200111136 0.005800751 0.088946536 -0.037880801 0.048735458 0.034083974 0.997511029
1305031113.279312 0.191315159 -0.002247930 0.091259032 -0.042185385 0.042075396 0.036404651 0.997559428
1305031113.311452 0.162631527 -0.011968005 0.089420080 -0.040287912 0.040396664 0.039307103 0.997597098
1305031113.343252 0.145608693 -0.000744268 0.086722724 -0.030811280 0.030192405 0.038261201 0.998336256
1305031113.379312 0.130359352 -0.003051708 0.087909296 -0.035261646 0.020870153 0.036019459 0.998510718
1305031113.411625 0.126740664 -0.007715845 0.086064458 -0.035786260 0.009688976 0.037673872 0.998602152
1305031113.443266 0.104860134 -0.002867783 0.087293744 -0.032224119 0.004992125 0.032494679 0.998939872
1305031113.479311 0.080184296 -0.001069614 0.085578837 -0.035262655 0.001142254 0.025151577 0.999060929
1305031113.511523 0.063206561 -0.004295940 0.088635914 -0.040061284 -0.004560806 0.023043105 0.998921096
1305031113.543242 0.049011189 -0.008607171 0.088794306 -0.043008912 -0.011360874 0.019530158 0.998819232
1305031113.579301 0.035164986 0.001346424 0.086815998 -0.039162084 -0.016841069 0.015225541 0.998974919
1305031113.611268 0.024722731 -0.000223820 0.089211166 -0.042826224 -0.021429706 0.010878497 0.998793483
1305031113.643222 0.010178027 -0.000792423 0.089041084 -0.045470383 -0.021494895 0.007181942 0.998708606
1305031113.679288 -0.003261354 -0.001876890 0.089012422 -0.046847340 -0.021180646 0.004226773 0.998668551
1305031113.711931 -0.014112365 -0.004005144 0.089736685 -0.047592342 -0.021742718 -0.000793440 0.998629928
1305031113.743590 -0.029595517 -0.000680767 0.088570997 -0.045324232 -0.018234897 -0.006713511 0.998783350
1305031113.779320 -0.044341240 -0.004836913 0.089865640 -0.045893215 -0.015712691 -0.010577477 0.998766780
1305031113.811237 -0.055377994 -0.003194861 0.090293616 -0.044638310 -0.015562438 -0.012071918 0.998809099
1305031113.843295 -0.069348261 0.002193754 0.091459468 -0.043404222 -0.012976529 -0.015715858 0.998849690
1305031113.879281 -0.088458903 -0.006154080 0.093079112 -0.044555377 -0.011334228 -0.020198137 0.998738468
1305031113.911290 -0.105902329 -0.000001062 0.092256643 -0.039375301 -0.010790017 -0.022061605 0.998922706
1305031113.943291 -0.116692409 -0.002774739 0.093259804 -0.037810449 -0.009503209 -0.023996303 0.998951674
1305031113.979293 -0.132327139 -0.002344796 0.093975291 -0.034321964 -0.007172560 -0.029566579 0.998947680
1305031114.011257 -0.148018286 0.001870739 0.092656493 -0.029921046 -0.005791931 -0.034429651 0.998942316
1305031114.043301 -0.172382489 0.005351204 0.093571998 -0.027277112 -0.005688793 -0.036950175 0.998928607
1305031114.079285 -0.181602329 0.000567002 0.092626624 -0.027019687 -0.013054335 -0.035576757 0.998916328
1305031114.111263 -0.193818346 0.006924865 0.093906067 -0.022798393 -0.019234693 -0.039187543 0.998786628
1305031114.143284 -0.208200440 0.004693291 0.096040823 -0.023713315 -0.023954982 -0.042796373 0.998515069
1305031114.179337 -0.216998920 0.003871573 0.100387521 -0.021109529 -0.027581403 -0.045002874 0.998382926
1305031114.211303 -0.228456855 0.009822370 0.096605025 -0.018314073 -0.028265601 -0.046673443 0.998342276
1305031114.243337 -0.244635269 0.006545877 0.097050108 -0.021846764 -0.030487157 -0.050762575 0.998006284
1305031114.279390 -0.256904006 0.004783467 0.092840493 -0.022788549 -0.036763404 -0.051001862 0.997761488
1305031114.311429 -0.265707225 0.008930407 0.097228676 -0.022773866 -0.046454843 -0.051545300 0.997329652
1305031114.343331 -0.274565637 0.008302470 0.099759765 -0.024070809 -0.052582804 -0.053493902 0.996892273
1305031114.379320 -0.285421759 0.009313203 0.101525761 -0.023300193 -0.054259926 -0.058521051 0.996538222
1305031114.411397 -0.298340589 0.008296303 0.103532374 -0.022768760 -0.055825759 -0.062222730 0.996239662
1305031114.443345 -0.305534840 0.004420439 0.097898737 -0.024507698 -0.062126555 -0.061896104 0.995845616
1305031114.479332 -0.315383434 0.002128472 0.097970963 -0.025571169 -0.069921270 -0.062406663 0.995270073
1305031114.511266 -0.320982575 0.003064538 0.100969352 -0.026295658 -0.078977458 -0.063965157 0.994474530
1305031114.543236 -0.325614333 0.004584288 0.105892129 -0.028378343 -0.083513558 -0.063774928 0.994058847
1305031114.579237 -0.330872655 0.005676137 0.109410480 -0.029073860 -0.084305391 -0.060545579 0.994173825
1305031114.611391 -0.339291751 0.005104930 0.107169189 -0.032058220 -0.083988294 -0.059464987 0.994174123
1305031114.644136 -0.346810877 0.000290619 0.108521521 -0.038877930 -0.086171143 -0.057335097 0.993869066
1305031114.679251 -0.351885200 -0.000924182 0.108929679 -0.041298259 -0.092433520 -0.058345325 0.993149757
1305031114.711306 -0.351704389 -0.000940566 0.113356978 -0.041485105 -0.097724184 -0.057456236 0.992687166
1305031114.743200 -0.354176790 -0.000400057 0.113987938 -0.040014941 -0.100606672 -0.061196145 0.992235959
1305031114.779289 -0.352757871 0.001789587 0.112465672 -0.036967456 -0.102431886 -0.064963497 0.991927862
1305031114.811303 -0.351791859 0.004878309 0.110679790 -0.036277615 -0.102420121 -0.066351280 0.991862714
1305031114.843208 -0.349944562 0.004237524 0.110124022 -0.036444057 -0.103271045 -0.069018893 0.991586268
1305031114.879281 -0.346430242 0.008592511 0.111689068 -0.035941139 -0.103812501 -0.068201303 0.991604686
1305031114.912879 -0.342269659 0.009849048 0.110957921 -0.037101191 -0.104440555 -0.068590000 0.991469204
1305031114.943234 -0.334339052 0.016544258 0.114465557 -0.037429631 -0.105048545 -0.071105026 0.991215348
1305031114.979280 -0.328420341 0.017496236 0.115344480 -0.039635457 -0.102653086 -0.071651027 0.991341233
1305031115.011300 -0.321177304 0.021177260 0.114207141 -0.043362204 -0.101352200 -0.072949119 0.991224468
1305031115.043508 -0.311776191 0.022719827 0.120723270 -0.046226069 -0.099190824 -0.073429242 0.991278231
1305031115.079238 -0.299397230 0.024916675 0.122658335 -0.047433078 -0.096995369 -0.073562123 0.991428614
1305031115.111230 -0.284465939 0.029218642 0.128955632 -0.049176909 -0.093689017 -0.072737448 0.991722405
1305031115.143275 -0.273628980 0.026331006 0.130382478 -0.051170252 -0.084484510 -0.070741661 0.992592394
1305031115.179440 -0.263373643 0.024196228 0.125141919 -0.053806052 -0.080653489 -0.069359019 0.992869198
1305031115.211374 -0.248103112 0.019107768 0.135171488 -0.055407248 -0.079826653 -0.065434754 0.993114352
1305031115.243297 -0.233057603 0.016717430 0.137705594 -0.051101673 -0.074832387 -0.061641548 0.993976355
1305031115.279966 -0.215844810 0.021268625 0.136635974 -0.048881002 -0.073676296 -0.058039498 0.994391203
1305031115.311704 -0.196978271 0.013198295 0.145376369 -0.051621694 -0.069998674 -0.051480357 0.994879484
1305031115.343235 -0.179884881 0.013844996 0.141523078 -0.047724105 -0.060942218 -0.047639132 0.995860934
1305031115.379166 -0.175188541 0.024608778 0.146537289 -0.048903815 -0.055221960 -0.042813569 0.996356368
1305031115.411237 -0.154557243 0.019590089 0.155359149 -0.057128184 -0.064741068 -0.039510507 0.995481730
1305031115.443159 -0.131984591 0.021906434 0.158691868 -0.059247021 -0.068236642 -0.034374036 0.995315075
1305031115.479241 -0.118934423 0.023757594 0.159199476 -0.062791951 -0.066611663 -0.029445063 0.995365798
1305031115.511253 -0.082610011 0.016785773 0.166170180 -0.068502955 -0.071496032 -0.023899203 0.994798720
1305031115.543604 -0.058174737 0.014385926 0.167441398 -0.068845704 -0.060617968 -0.016930653 0.995640039
1305031115.579315 -0.050852668 0.013911464 0.164980739 -0.067818485 -0.044004679 -0.012180276 0.996652365
1305031115.611424 -0.030557100 0.010307347 0.164343953 -0.068349615 -0.039252818 -0.006386122 0.996868551
1305031115.643254 -0.014099517 0.011371533 0.167813554 -0.065950848 -0.032933347 0.000472488 0.997279167
1305031115.679241 -0.005647982 0.010675204 0.166601568 -0.064399011 -0.027352430 0.010685916 0.997492075
1305031115.711320 0.017907064 0.018774634 0.166453958 -0.060940232 -0.029849203 0.019818205 0.997498155
1305031115.743250 0.045226570 0.012913232 0.166939676 -0.063154317 -0.026075993 0.026628617 0.997307599
1305031115.779425 0.057844743 0.014495121 0.166783497 -0.060192287 -0.014872503 0.033632413 0.997509181
1305031115.811277 0.078103200 0.014562397 0.161766604 -0.060733713 -0.007622073 0.041680623 0.997254252
1305031115.843224 0.092320263 0.013740171 0.163594559 -0.063365407 0.002671726 0.048604347 0.996802568
1305031115.879198 0.098611146 0.008207194 0.164113492 -0.063737869 0.011990950 0.055643424 0.996342123
1305031115.911118 0.109977014 0.019144285 0.165668681 -0.057268258 0.016848188 0.060359143 0.996390164
1305031115.943311 0.133546695 0.016346259 0.165095031 -0.060316510 0.019687949 0.068380564 0.995639741
1305031115.980740 0.147722676 0.020652195 0.167289317 -0.060798258 0.024973990 0.073629446 0.995117426
1305031116.011379 0.170834035 0.023308113 0.168910190 -0.062813468 0.030458583 0.077128172 0.994574249
1305031116.043164 0.182877526 0.022295419 0.169037670 -0.066848174 0.043525729 0.078822345 0.993692040
1305031116.080030 0.187975883 0.032582417 0.173048973 -0.067643486 0.056239191 0.082152322 0.992729843
1305031116.111300 0.200912908 0.031459525 0.174751937 -0.075246297 0.066081733 0.085206844 0.991317809
1305031116.143441 0.207275823 0.028465059 0.176570371 -0.080101416 0.075964540 0.087169155 0.990057945
1305031116.179572 0.215396598 0.033651195 0.180731013 -0.080296509 0.082226485 0.089433864 0.989339650
1305031116.211299 0.230258912 0.032597829 0.180706516 -0.085645780 0.085933007 0.093885131 0.988162875
1305031116.243320 0.247903332 0.022922887 0.182471469 -0.092919104 0.089172162 0.096477158 0.986968338
1305031116.279385 0.263695478 0.035533328 0.177103326 -0.086397044 0.095215529 0.101978295 0.986443102
1305031116.311336 0.269350648 0.034362569 0.178146496 -0.090357691 0.104863636 0.104932390 0.984798610
1305031116.343292 0.274881959 0.022384718 0.181612849 -0.096334323 0.112387851 0.108474389 0.983016789
1305031116.379384 0.270576358 0.020708481 0.183865517 -0.090912350 0.119837709 0.106316008 0.982888997
1305031116.411333 0.267214060 0.032775953 0.179135218 -0.081513017 0.124066509 0.110440016 0.982734025
1305031116.443369 0.267206311 0.033122934 0.176578030 -0.084217146 0.126501426 0.119114868 0.981181264
1305031116.479850 0.268755347 0.024496848 0.176739365 -0.087708682 0.127284914 0.122796483 0.980319738
1305031116.511205 0.266729265 0.026175814 0.172987074 -0.084707558 0.125696048 0.118774578 0.981283724
1305031116.543262 0.255837172 0.028386904 0.171141058 -0.080940999 0.127965152 0.113331087 0.981951952
1305031116.579313 0.246508032 0.031330537 0.167464301 -0.079621248 0.126004115 0.111967877 0.982469678
1305031116.611261 0.232555762 0.021939419 0.165802598 -0.083092980 0.122335382 0.105440833 0.983367682
1305031116.643355 0.216997445 0.030996710 0.165784419 -0.076943822 0.115254872 0.095817447 0.985705376
1305031116.679281 0.207488418 0.028253257 0.163571715 -0.077903755 0.106618389 0.087545678 0.987369895
1305031116.711634 0.191330165 0.030507490 0.163773626 -0.076654144 0.103551090 0.077791207 0.988610089
1305031116.743291 0.175801799 0.032275416 0.159676522 -0.077323534 0.098665193 0.066994637 0.989847481
1305031116.779298 0.158907562 0.030991869 0.160066724 -0.080423534 0.095257215 0.056152653 0.990608394
1305031116.811318 0.142730653 0.025978848 0.160614729 -0.082318127 0.091440745 0.049019691 0.991190970
1305031116.846089 0.121001616 0.032470286 0.158449978 -0.077208303 0.083892316 0.039705876 0.992685497
1305031116.880165 0.099818282 0.033071671 0.159508675 -0.078618802 0.075289600 0.034450784 0.993460476
1305031116.912044 0.087353259 0.030840876 0.157736570 -0.079089209 0.061996151 0.031147720 0.994450212
1305031116.943296 0.066392079 0.033746231 0.156700328 -0.079382814 0.049104113 0.023748718 0.995350838
1305031116.979351 0.049918666 0.034071036 0.154192075 -0.078615732 0.036842272 0.012858301 0.996141016
1305031117.011382 0.027498363 0.041426465 0.153840065 -0.074364476 0.026461029 0.003729759 0.996873021
1305031117.043261 0.013687459 0.043015491 0.149311349 -0.075062141 0.015847133 -0.001545969 0.997051775
1305031117.079520 0.001994196 0.043329440 0.147126213 -0.077768922 0.004892245 -0.006795279 0.996936321
1305031117.111238 -0.017055482 0.043412574 0.146225989 -0.080285110 -0.004567282 -0.007253653 0.996735096
1305031117.143218 -0.021207340 0.046085000 0.147986233 -0.083213367 -0.018387798 -0.006711913 0.996339500
1305031117.179264 -0.031845875 0.046100371 0.141270429 -0.086326405 -0.026267862 -0.012354836 0.995843947
1305031117.211361 -0.036025077 0.051413562 0.145048380 -0.086283252 -0.034164224 -0.015754996 0.995560050
1305031117.243277 -0.034922097 0.057112314 0.146038756 -0.088222779 -0.038585771 -0.017288582 0.995203018
1305031117.279299 -0.035122246 0.056983016 0.150072157 -0.092598438 -0.039053567 -0.021820134 0.994698048
1305031117.311200 -0.041567851 0.050545197 0.149576768 -0.098506898 -0.035956722 -0.023563256 0.994207382
1305031117.343243 -0.044964485 0.045936506 0.151118442 -0.101070315 -0.035601944 -0.024486326 0.993940532
1305031117.379454 -0.046040274 0.040536068 0.151566416 -0.101418920 -0.035588894 -0.024698200 0.993900239
1305031117.411221 -0.048216306 0.035378780 0.151638225 -0.100424260 -0.036824688 -0.024085628 0.993971288
1305031117.443274 -0.046577875 0.033904485 0.150966957 -0.096707121 -0.039120860 -0.022786427 0.994282722
1305031117.479403 -0.048348270 0.026433256 0.149798095 -0.095938802 -0.039513551 -0.020993818 0.994381070
1305031117.511325 -0.048093487 0.015636148 0.150075033 -0.094327934 -0.041363008 -0.019477826 0.994490862
1305031117.544285 -0.051216364 0.014537117 0.150527015 -0.087706178 -0.041228540 -0.019380907 0.995104194
1305031117.579155 -0.050701156 0.007054191 0.150738552 -0.085726626 -0.043554340 -0.020347839 0.995158315
1305031117.611159 -0.052836832 0.001686787 0.152854860 -0.083996445 -0.044831712 -0.019797478 0.995260239
1305031117.643252 -0.051155034 -0.005296513 0.157291606 -0.082284190 -0.047877792 -0.018079575 0.995294034
1305031117.679262 -0.052835099 -0.013852970 0.157212019 -0.082771912 -0.050292779 -0.017692089 0.995141447
1305031117.711184 -0.053240802 -0.022701548 0.161695167 -0.083496436 -0.052651715 -0.015318152 0.994998217
1305031117.743184 -0.055158976 -0.030280892 0.166223794 -0.082684323 -0.054251764 -0.012897271 0.995014489
1305031117.779467 -0.053798437 -0.038278949 0.169136122 -0.082728565 -0.057453435 -0.010158994 0.994862735
1305031117.811320 -0.050553158 -0.052472342 0.174170569 -0.085672088 -0.060631528 -0.008122601 0.994443655
1305031117.843291 -0.045685500 -0.061731126 0.179518521 -0.083356112 -0.062095746 -0.006282497 0.994563460
1305031117.879451 -0.043074269 -0.068599656 0.184529498 -0.081289694 -0.060183246 -0.006280802 0.994852066
1305031117.911407 -0.045933738 -0.080993392 0.189116761 -0.081502564 -0.057609860 -0.006693774 0.994984269
1305031117.943253 -0.046595670 -0.092055872 0.190787286 -0.081726551 -0.055370752 -0.006420315 0.995094836
1305031117.979228 -0.051332187 -0.094234094 0.195781901 -0.080510579 -0.052262962 -0.007839089 0.995351791
1305031118.011228 -0.049775943 -0.109381251 0.204163849 -0.084147602 -0.052933842 -0.007961076 0.995014489
1305031118.043521 -0.048998628 -0.118509799 0.209542081 -0.083125778 -0.051972855 -0.007539532 0.995154381
1305031118.079334 -0.049965251 -0.128011584 0.212993965 -0.083383463 -0.050533708 -0.009461888 0.995190501
1305031118.111217 -0.049588472 -0.137257844 0.217050254 -0.082244456 -0.046134051 -0.011763941 0.995474339
1305031118.143256 -0.050647262 -0.146337047 0.222558856 -0.080788113 -0.041347440 -0.012137584 0.995799363
1305031118.179323 -0.051994458 -0.158378035 0.226966515 -0.080859408 -0.038146257 -0.014515469 0.995889604
1305031118.211202 -0.055378109 -0.169431552 0.231849819 -0.078247614 -0.034997199 -0.012818029 0.996237040
1305031118.243173 -0.056564972 -0.180555537 0.234281436 -0.076061554 -0.035597663 -0.012976707 0.996383011
1305031118.279194 -0.055124316 -0.191601291 0.238493115 -0.072688274 -0.036487266 -0.013118342 0.996600747
1305031118.311299 -0.055919677 -0.201073438 0.242249906 -0.066647775 -0.036752824 -0.013327886 0.997010410
1305031118.343324 -0.052909259 -0.204449683 0.245002255 -0.060653977 -0.036574639 -0.014608935 0.997381568
1305031118.379208 -0.057890851 -0.209655508 0.246600509 -0.056102153 -0.033468757 -0.015514714 0.997743309
1305031118.411296 -0.059514105 -0.212231815 0.248395622 -0.052706547 -0.035055459 -0.015477023 0.997874618
1305031118.445692 -0.058007646 -0.216668025 0.251484364 -0.052998550 -0.035680845 -0.012981636 0.997872531
1305031118.479285 -0.057008035 -0.223312661 0.254672587 -0.054170631 -0.036475487 -0.010071577 0.997814476
1305031118.511255 -0.054783501 -0.215772927 0.255605340 -0.049409453 -0.037356358 -0.009113601 0.998038173
1305031118.544414 -0.052126359 -0.211427271 0.256020516 -0.050257862 -0.037568003 -0.009715625 0.997982204
1305031118.579285 -0.052359283 -0.207086727 0.256676674 -0.050946396 -0.036194894 -0.010742613 0.997987509
1305031118.616142 -0.053223345 -0.201108322 0.253536701 -0.050650869 -0.033378400 -0.013900797 0.998061717
1305031118.645325 -0.054955181 -0.192862123 0.250935495 -0.050890278 -0.030431280 -0.016281800 0.998107731
1305031118.679295 -0.055346511 -0.186840355 0.251372397 -0.054758858 -0.029486088 -0.017467659 0.997911334
1305031118.711421 -0.058373403 -0.182294056 0.246820658 -0.055431973 -0.028589016 -0.020858731 0.997835159
1305031118.746770 -0.061549954 -0.174669072 0.242068529 -0.053901263 -0.030093955 -0.020245971 0.997887373
1305031118.779277 -0.060141150 -0.149870351 0.235550240 -0.051689327 -0.034321181 -0.019566821 0.997881472
1305031118.811221 -0.053340167 -0.152446717 0.237956643 -0.059666917 -0.039023407 -0.020751681 0.997239411
1305031118.846753 -0.052776545 -0.144577280 0.231141001 -0.056247290 -0.038414549 -0.020224219 0.997472644
1305031118.879208 -0.055257004 -0.118988849 0.217925504 -0.050600156 -0.034513220 -0.022592340 0.997866809
1305031118.911177 -0.052081503 -0.117053524 0.218140110 -0.056394741 -0.035210151 -0.024286192 0.997491896
1305031118.946974 -0.051620152 -0.099737011 0.210785359 -0.052796628 -0.034019530 -0.026481410 0.997674286
1305031118.979374 -0.054280013 -0.083417788 0.203232065 -0.052282680 -0.032116089 -0.030106753 0.997661591
1305031119.011363 -0.052689049 -0.075513721 0.197840601 -0.057602558 -0.033447269 -0.031717975 0.997274935
1305031119.047172 -0.058121663 -0.065439723 0.191279665 -0.059119470 -0.032024652 -0.032793377 0.997198105
1305031119.079223 -0.058829438 -0.056175429 0.183724910 -0.059852920 -0.034243997 -0.032510910 0.997089803
1305031119.111328 -0.058248527 -0.046243504 0.179111332 -0.060233075 -0.038376521 -0.031798493 0.996939421
1305031119.147616 -0.059860986 -0.033153288 0.171582073 -0.059478458 -0.041231710 -0.030595895 0.996908367
1305031119.179226 -0.057793491 -0.028349632 0.166715533 -0.061309543 -0.046373747 -0.031155573 0.996554077
1305031119.211364 -0.056034967 -0.019901620 0.160470977 -0.059698582 -0.048739679 -0.029105619 0.996600986
1305031119.247399 -0.058886010 -0.005481742 0.154460549 -0.057062957 -0.048905913 -0.028819585 0.996755481
1305031119.279212 -0.057308145 0.004480484 0.149252996 -0.057029307 -0.050403617 -0.028860221 0.996681631
1305031119.311212 -0.056244090 0.013478121 0.144391388 -0.057351954 -0.051225435 -0.025904205 0.996702492
1305031119.347741 -0.056948546 0.020308277 0.141182229 -0.057362840 -0.053169295 -0.023001444 0.996671259
1305031119.379239 -0.055641677 0.036745369 0.136173397 -0.054394074 -0.055725981 -0.022239964 0.996715248
1305031119.411484 -0.052454203 0.044168741 0.131114691 -0.055955272 -0.056318104 -0.021991698 0.996601045
1305031119.447706 -0.053504478 0.053736612 0.127211168 -0.056522671 -0.053061396 -0.021822700 0.996751487
1305031119.479267 -0.053872991 0.065465033 0.123607703 -0.054467246 -0.051107220 -0.022713561 0.996948123
1305031119.511240 -0.054595064 0.076459773 0.119555742 -0.055796228 -0.050030805 -0.021625634 0.996953368
1305031119.547382 -0.056540556 0.090323925 0.115786009 -0.055654768 -0.049155615 -0.020814588 0.997022152
1305031119.579559 -0.055959519 0.103681527 0.112300865 -0.057009127 -0.048236351 -0.020912252 0.996988475
1305031119.615017 -0.057217039 0.109583281 0.111578457 -0.062251158 -0.046029035 -0.020793064 0.996781707
1305031119.647903 -0.060239788 0.125865623 0.104361758 -0.062870011 -0.043925349 -0.020159788 0.996850789
1305031119.679208 -0.055995628 0.139202893 0.105835244 -0.066132754 -0.043603949 -0.021944875 0.996616066
1305031119.715232 -0.058783047 0.148246080 0.107110657 -0.072206214 -0.038291473 -0.019261880 0.996468306
1305031119.747193 -0.061883934 0.154162124 0.104384437 -0.077154554 -0.035974160 -0.014115811 0.996270001
1305031119.779169 -0.061602619 0.163769513 0.102920584 -0.079917081 -0.037923880 -0.011755182 0.996010542
1305031119.814537 -0.061122071 0.175851658 0.102315798 -0.080818318 -0.038961265 -0.007589700 0.995938182
1305031119.847429 -0.058163073 0.183632955 0.102033064 -0.084046088 -0.039243914 -0.003367834 0.995683134
1305031119.879214 -0.058411621 0.187311366 0.099854648 -0.085998029 -0.037111476 -0.003827250 0.995596588
1305031119.911401 -0.060515568 0.203667060 0.095520981 -0.082805030 -0.034542184 -0.002830370 0.995962977
1305031119.947392 -0.060095955 0.209542215 0.095232219 -0.087894075 -0.033239130 -0.002951253 0.995570779
1305031119.979537 -0.058822792 0.215422973 0.092661880 -0.090154052 -0.030300021 -0.003902731 0.995459199
1305031120.015264 -0.063303493 0.224747911 0.087318704 -0.093979493 -0.024988499 -0.002200620 0.995258093
1305031120.047290 -0.069492824 0.230242833 0.090947337 -0.099073648 -0.022286873 -0.000599619 0.994830370
1305031120.079418 -0.069666401 0.225405738 0.090710744 -0.103546478 -0.024625601 0.001570709 0.994318545
1305031120.115232 -0.069673881 0.233790472 0.090763062 -0.102262497 -0.027033575 0.004005974 0.994382024
1305031120.148157 -0.063450016 0.217300266 0.090461850 -0.111885235 -0.030178122 0.004131651 0.993254304
1305031120.179246 -0.063089728 0.212196231 0.092462040 -0.111630790 -0.029690014 0.007138999 0.993280470
1305031120.215249 -0.059961144 0.203429937 0.094092377 -0.109573841 -0.031389318 0.007227179 0.993456662
1305031120.248003 -0.062290706 0.204489067 0.094614543 -0.102803223 -0.030082459 0.004946888 0.994234443
1305031120.279430 -0.061023559 0.195162296 0.093957968 -0.101114370 -0.029493565 0.002561030 0.994434237
1305031120.315196 -0.060704064 0.183888569 0.097570755 -0.100356214 -0.029445747 0.000889354 0.994515359
1305031120.347787 -0.060679045 0.179134741 0.099064849 -0.095235072 -0.028819323 -0.001066932 0.995037079
1305031120.379437 -0.060794342 0.166080326 0.102360055 -0.095402531 -0.028941449 -0.001505791 0.995016813
1305031120.415445 -0.055973746 0.147201061 0.109213747 -0.092317268 -0.031507246 -0.001992668 0.995229065
1305031120.447417 -0.060584739 0.152556479 0.110779792 -0.078397669 -0.030205233 -0.002383007 0.996461630
1305031120.479432 -0.058660865 0.137151808 0.115418367 -0.078016110 -0.031802867 -0.001837144 0.996443033
1305031120.514819 -0.060473744 0.123084538 0.121233277 -0.072473951 -0.033055335 -0.000400953 0.996822298
1305031120.547736 -0.063952126 0.119152360 0.123913743 -0.063710213 -0.034473173 0.001287549 0.997372031
1305031120.579551 -0.063394748 0.110970967 0.127540514 -0.060301203 -0.038848333 0.004580735 0.997413516
1305031120.615236 -0.059525896 0.098299064 0.134500146 -0.058487639 -0.044686582 0.006912273 0.997263551
1305031120.647354 -0.058458883 0.091230862 0.140616909 -0.052750211 -0.047834482 0.007439688 0.997433662
1305031120.679318 -0.057515435 0.086455092 0.142261535 -0.048623338 -0.049381837 0.009157964 0.997553706
1305031120.714522 -0.056950647 0.076598562 0.147649661 -0.046891164 -0.050148025 0.010091291 0.997589409
1305031120.747369 -0.055421356 0.065740436 0.150563732 -0.046695363 -0.053024694 0.011049806 0.997439682
1305031120.779894 -0.053322475 0.054439325 0.157454222 -0.044942964 -0.055836525 0.010922610 0.997368157
1305031120.814944 -0.053242389 0.046448205 0.157979041 -0.042336069 -0.055894617 0.010756901 0.997480750
1305031120.847921 -0.052524243 0.038497496 0.162802696 -0.042490568 -0.057256471 0.008425322 0.997419357
1305031120.883435 -0.051972367 0.025064792 0.166109324 -0.041501909 -0.056552712 0.005729858 0.997520268
1305031120.915444 -0.050839197 0.019908177 0.168169841 -0.039069045 -0.055804610 0.005128982 0.997663915
1305031120.947488 -0.051964253 0.010975280 0.170849442 -0.038883779 -0.055224195 0.002789521 0.997712731
1305031120.983366 -0.052620646 0.000536661 0.175151974 -0.038695462 -0.055069808 0.000640321 0.997732282
1305031121.015019 -0.050386421 -0.012318659 0.178028479 -0.038503356 -0.056681558 -0.000139391 0.997649610
1305031121.047498 -0.054358590 -0.016550450 0.179703400 -0.036258612 -0.054903533 -0.001537809 0.997831941
1305031121.083099 -0.056840874 -0.032204129 0.183057904 -0.037160974 -0.055466838 -0.003306834 0.997763336
1305031121.114696 -0.053780247 -0.039972391 0.184130490 -0.034514494 -0.058100712 -0.002176493 0.997711539
1305031121.147331 -0.054400861 -0.048186693 0.186042845 -0.032444172 -0.058473147 -0.002937625 0.997757316
1305031121.183271 -0.055590510 -0.059278596 0.187417969 -0.031316165 -0.059563629 -0.003630431 0.997726560
1305031121.211420 -0.053029928 -0.069327675 0.191908479 -0.028967191 -0.060182657 -0.003635749 0.997760355
1305031121.247194 -0.054852922 -0.072532713 0.193094879 -0.025046751 -0.058372378 -0.004055575 0.997972369
1305031121.282876 -0.054747418 -0.087046385 0.196679816 -0.027128981 -0.060160421 -0.002542533 0.997816801
1305031121.313568 -0.053506527 -0.097368136 0.199795157 -0.024345469 -0.060317889 -0.001336577 0.997881413
1305031121.347517 -0.054273900 -0.106415138 0.201367825 -0.023111815 -0.061558276 0.000061081 0.997835934
1305031121.383226 -0.052577212 -0.120270945 0.206341535 -0.022658328 -0.063531429 0.000446104 0.997722507
1305031121.414318 -0.053991668 -0.127168909 0.208251342 -0.017552769 -0.061696187 -0.000717685 0.997940421
1305031121.447319 -0.054584976 -0.133872852 0.211509258 -0.015776349 -0.061531167 -0.000391002 0.997980416
1305031121.482964 -0.051393062 -0.145946667 0.217205659 -0.014517649 -0.060485695 0.001220193 0.998062730
1305031121.514107 -0.056120574 -0.153477848 0.216076329 -0.011479025 -0.057276994 0.001679963 0.998290956
1305031121.547270 -0.055016637 -0.159669906 0.217779160 -0.012511107 -0.057571650 0.001720177 0.998261571
1305031121.583204 -0.055812690 -0.170034707 0.223933831 -0.014156948 -0.056117188 0.001227792 0.998323143
1305031121.614700 -0.055120580 -0.180525392 0.226235196 -0.013689215 -0.054618198 -0.000445935 0.998413444
1305031121.647183 -0.052337956 -0.186210692 0.227123156 -0.012862408 -0.051007912 -0.002793950 0.998611510
1305031121.683200 -0.058418181 -0.193645284 0.228491858 -0.015101640 -0.045499120 -0.004707220 0.998839140
1305031121.714520 -0.060385488 -0.202671409 0.230095282 -0.016394028 -0.044208173 -0.003125195 0.998882949
1305031121.747145 -0.058444522 -0.207021222 0.234039918 -0.017908765 -0.045050573 -0.002343894 0.998821437
1305031121.782835 -0.058912743 -0.214450911 0.236944452 -0.019927960 -0.044227064 -0.000300513 0.998822689
1305031121.811540 -0.052526057 -0.219469965 0.241424397 -0.021555251 -0.045296796 0.002609541 0.998737633
1305031121.847335 -0.056751527 -0.222802505 0.241474316 -0.023638172 -0.041945785 0.005201613 0.998826742
1305031121.882060 -0.055928636 -0.225043505 0.244616315 -0.025999384 -0.042301975 0.011683973 0.998698235
1305031121.914931 -0.061290085 -0.224337325 0.241768181 -0.026781734 -0.042120434 0.012775111 0.998671830
1305031121.947288 -0.053452291 -0.227697417 0.244369522 -0.028272303 -0.046894208 0.013115921 0.998413563
1305031121.982926 -0.053674050 -0.221371770 0.243586272 -0.027148737 -0.046198465 0.012517070 0.998484850
1305031122.014256 -0.055236064 -0.218576849 0.242381364 -0.027757438 -0.045917250 0.009988674 0.998509586
1305031122.047306 -0.055485457 -0.212833747 0.238377243 -0.026165912 -0.046926003 0.006187962 0.998536468
1305031122.082959 -0.055582870 -0.205562428 0.236195564 -0.025050236 -0.047439564 0.002087326 0.998557806
1305031122.114672 -0.055155452 -0.195141137 0.231687918 -0.023352491 -0.047733165 -0.001184637 0.998586416
1305031122.150725 -0.055646971 -0.187205508 0.231115043 -0.024081877 -0.048080970 -0.006802491 0.998529971
1305031122.183042 -0.054972909 -0.179220423 0.227089658 -0.023344377 -0.046999998 -0.011349285 0.998557568
1305031122.214959 -0.061092138 -0.154385656 0.217892021 -0.021510677 -0.043065581 -0.017376287 0.998689532
1305031122.251319 -0.061093241 -0.148808405 0.216265410 -0.028145375 -0.042602085 -0.021251999 0.998469532
1305031122.283560 -0.064076833 -0.135850728 0.209855720 -0.028183823 -0.042420302 -0.023474852 0.998426318
1305031122.314289 -0.064012758 -0.110441104 0.204781130 -0.030034391 -0.045244198 -0.026840074 0.998163581
1305031122.351327 -0.063634686 -0.101277269 0.204489991 -0.036971163 -0.047914434 -0.027622338 0.997784734
1305031122.382630 -0.069444433 -0.085687138 0.198382482 -0.040351313 -0.048185918 -0.028489383 0.997616351
1305031122.414997 -0.068465173 -0.079049081 0.195979372 -0.045000836 -0.053267933 -0.028806970 0.997149825
1305031122.451257 -0.071364842 -0.071561173 0.184694141 -0.048155256 -0.056568366 -0.028831109 0.996819854
1305031122.483360 -0.069484167 -0.062998697 0.182365879 -0.052188247 -0.062617369 -0.027918508 0.996281087
1305031122.515097 -0.070028156 -0.053649560 0.176736355 -0.054075163 -0.066295192 -0.028897321 0.995914519
1305031122.551490 -0.065368734 -0.040837701 0.170968682 -0.054650180 -0.068489186 -0.031631719 0.995651603
1305031122.583208 -0.066883661 -0.030323852 0.164615318 -0.055545390 -0.066482022 -0.033298139 0.995683730
1305031122.614980 -0.069708459 -0.023950282 0.161797658 -0.057404485 -0.066177830 -0.032202486 0.995634615
1305031122.648788 -0.069654286 -0.011589616 0.156964242 -0.055257063 -0.068127751 -0.031273752 0.995654166
1305031122.683402 -0.071649179 -0.001926172 0.150258452 -0.055122875 -0.068590418 -0.030349711 0.995658457
1305031122.715208 -0.070863105 0.009883371 0.147468135 -0.054671288 -0.072003409 -0.026477281 0.995552957
1305031122.751298 -0.070845015 0.024445839 0.140836254 -0.053043261 -0.074177407 -0.026846716 0.995471478
1305031122.783423 -0.065873019 0.036761347 0.139762789 -0.056513738 -0.076681964 -0.026158210 0.995108962
1305031122.812555 -0.066089481 0.044954773 0.136927187 -0.061660588 -0.075278491 -0.027988052 0.994860709
1305031122.851418 -0.058098633 0.055493288 0.135489359 -0.063192233 -0.074308217 -0.029447328 0.994795442
1305031122.883754 -0.062964633 0.070347816 0.133426175 -0.063996069 -0.066531166 -0.029506102 0.995292723
1305031122.914571 -0.068092346 0.072410248 0.129966319 -0.069873326 -0.061975326 -0.028714148 0.995214701
1305031122.951341 -0.068741381 0.080267899 0.127501339 -0.070525952 -0.060963672 -0.027731065 0.995259047
1305031122.982815 -0.071486592 0.091869071 0.125127777 -0.071256913 -0.060306963 -0.024100233 0.995341539
1305031123.015450 -0.068535469 0.095942557 0.123290800 -0.074938975 -0.062619150 -0.020968903 0.994999170
1305031123.051827 -0.069063768 0.101057492 0.118405178 -0.074911512 -0.061433893 -0.020355199 0.995087862
1305031123.082975 -0.069863528 0.115434885 0.115158878 -0.072587855 -0.060263630 -0.017691692 0.995382488
1305031123.113873 -0.070376128 0.126527950 0.112803645 -0.074852243 -0.059136879 -0.016027730 0.995310545
1305031123.150822 -0.069691166 0.134390816 0.113394186 -0.077985309 -0.058925673 -0.014845410 0.995100856
1305031123.182155 -0.065768056 0.147151083 0.110257238 -0.079020143 -0.058376241 -0.014158566 0.995061636
1305031123.214704 -0.065930717 0.159194291 0.107242502 -0.082071133 -0.053225484 -0.015181014 0.995088398
1305031123.250618 -0.064938948 0.174508914 0.105594583 -0.085985713 -0.049893979 -0.015274436 0.994929075
1305031123.282347 -0.067968838 0.179901734 0.106796242 -0.096277751 -0.045335732 -0.014070022 0.994221985
1305031123.311327 -0.067671135 0.188275203 0.106913649 -0.101444267 -0.041254167 -0.013910774 0.993888140
1305031123.350481 -0.066118464 0.196490064 0.106859669 -0.106688261 -0.037537426 -0.013194250 0.993496120
1305031123.382255 -0.064368986 0.208915651 0.106198087 -0.109353893 -0.033278570 -0.010269146 0.993392587
1305031123.411363 -0.064625137 0.214303106 0.106335111 -0.113000453 -0.028327800 -0.008287371 0.993156493
1305031123.451255 -0.064551875 0.223819524 0.104720205 -0.114784911 -0.025828313 -0.005873144 0.993037224
1305031123.483594 -0.062924162 0.234256953 0.103683658 -0.117773637 -0.024532126 -0.001635077 0.992736101
1305031123.511360 -0.061927300 0.243090123 0.102423571 -0.119877264 -0.022975465 0.001778105 0.992521286
1305031123.551513 -0.060957104 0.249246538 0.100196667 -0.122310765 -0.023298237 0.004333155 0.992208898
1305031123.579583 -0.060081821 0.258589327 0.102107391 -0.123159043 -0.023158789 0.006796648 0.992093444
1305031123.611335 -0.057148907 0.263948143 0.098572046 -0.125558138 -0.022361638 0.007445117 0.991806328
1305031123.652411 -0.056728266 0.272592276 0.096968547 -0.128750518 -0.019931102 0.007052332 0.991451621
1305031123.683753 -0.055804178 0.277245432 0.097287968 -0.133444294 -0.016461711 0.008077509 0.990886748
1305031123.711323 -0.054654125 0.287399322 0.096248373 -0.135830045 -0.013016112 0.010060953 0.990595639
1305031123.751723 -0.051661439 0.293858290 0.095753998 -0.137283638 -0.012489609 0.012666248 0.990372062
1305031123.783858 -0.053093810 0.299270093 0.095467135 -0.137574896 -0.012299006 0.014302942 0.990311742
1305031123.811608 -0.052586045 0.301081747 0.093359031 -0.138290331 -0.012443613 0.015756853 0.990188181
1305031123.851444 -0.052292336 0.303452313 0.091931701 -0.138571888 -0.012765109 0.018122133 0.990104258
1305031123.883786 -0.052947741 0.307013988 0.091153696 -0.135404035 -0.013879044 0.018531384 0.990519941
1305031123.911243 -0.053058796 0.301521122 0.091330893 -0.134040624 -0.014948406 0.017352130 0.990711153
1305031123.951442 -0.051338427 0.294578314 0.091841608 -0.137491584 -0.016544085 0.019163655 0.990179360
1305031123.983415 -0.049503792 0.302400202 0.093533821 -0.131981060 -0.020205509 0.020834703 0.990827262
1305031124.011302 -0.051562164 0.298708886 0.094674140 -0.125538558 -0.023095818 0.020836094 0.991600990
1305031124.051505 -0.051317841 0.283085793 0.097509459 -0.126955837 -0.026350580 0.020686248 0.991342545
1305031124.083837 -0.050577916 0.285094112 0.100449756 -0.121612519 -0.029600732 0.021232178 0.991908967
1305031124.111331 -0.055343207 0.275522709 0.103514180 -0.114953771 -0.030062396 0.020616975 0.992701769
1305031124.147446 -0.055613831 0.259484172 0.106549732 -0.115394615 -0.031140819 0.018677192 0.992655814
1305031124.182694 -0.056294192 0.257795691 0.109460585 -0.110431924 -0.032104496 0.017129175 0.993217409
1305031124.211396 -0.052554399 0.251192212 0.110811286 -0.101879597 -0.034806184 0.014317121 0.994084597
1305031124.249327 -0.051140174 0.235636115 0.113055035 -0.101861417 -0.037085842 0.014820857 0.993996620
1305031124.282545 -0.055415101 0.213924825 0.116052896 -0.108813897 -0.039428052 0.014083359 0.993180096
1305031124.311361 -0.051318508 0.192183614 0.121774107 -0.110700622 -0.045336820 0.014801284 0.992708921
1305031124.350354 -0.051943943 0.186872452 0.123134799 -0.104060017 -0.048310783 0.013424304 0.993306279
1305031124.382420 -0.050786387 0.177931070 0.126578689 -0.099858113 -0.050934240 0.012471709 0.993618906
1305031124.411439 -0.049441099 0.162115827 0.129345238 -0.097098082 -0.052965511 0.011449740 0.993798554
1305031124.450245 -0.048970424 0.152359843 0.130067036 -0.089812234 -0.054345734 0.010026799 0.994424343
1305031124.480099 -0.049231872 0.137932092 0.131221652 -0.084917694 -0.055214785 0.007578284 0.994828105
1305031124.511324 -0.051376920 0.129937947 0.131255358 -0.077276319 -0.055920921 0.005617224 0.995424390
1305031124.550437 -0.051091108 0.119461507 0.133050561 -0.072901368 -0.057887595 0.003428551 0.995651901
1305031124.579404 -0.053813629 0.107863665 0.136487499 -0.068800181 -0.059466820 0.000976369 0.995856106
1305031124.611358 -0.051896390 0.094694108 0.140719220 -0.064413086 -0.063003108 -0.000918844 0.995932102
1305031124.651271 -0.052681010 0.085478075 0.143619478 -0.059731025 -0.064960271 -0.002872697 0.996094465
1305031124.679362 -0.050995346 0.071097262 0.148485765 -0.056536853 -0.067233376 -0.004577245 0.996123672
1305031124.711251 -0.049899902 0.060068421 0.151455343 -0.052221816 -0.067866936 -0.005614875 0.996310949
1305031124.749890 -0.051417552 0.046603158 0.155224398 -0.050491195 -0.067446969 -0.008210716 0.996410668
1305031124.779365 -0.053734295 0.035026137 0.159009442 -0.046741419 -0.067723431 -0.008717572 0.996570587
1305031124.811360 -0.052685067 0.025721474 0.163534909 -0.043875795 -0.069285400 -0.008790300 0.996592820
1305031124.850535 -0.051202204 0.012345802 0.170688897 -0.044230346 -0.071526900 -0.009503516 0.996412277
1305031124.879355 -0.047847610 -0.003586918 0.175874054 -0.043293621 -0.072492078 -0.009530168 0.996383369
1305031124.911448 -0.047122292 -0.008830520 0.181076050 -0.040036011 -0.070307635 -0.009788834 0.996673584
1305031124.950730 -0.048601300 -0.021304255 0.187387452 -0.043187551 -0.068566889 -0.010047859 0.996660650
1305031124.979438 -0.048437044 -0.040741332 0.196159378 -0.043987919 -0.067948729 -0.007649331 0.996689260
1305031125.011454 -0.051849455 -0.047771998 0.198679462 -0.037894987 -0.069385916 -0.006808826 0.996846676
1305031125.050763 -0.048344634 -0.051435798 0.202291846 -0.034303658 -0.072479866 -0.005925369 0.996762216
1305031125.079364 -0.047877561 -0.066094071 0.208282039 -0.037031561 -0.071800590 -0.001808180 0.996729732
1305031125.111364 -0.049834140 -0.077226862 0.213405237 -0.035822321 -0.072539859 -0.001449674 0.996720970
1305031125.151013 -0.049790882 -0.084561579 0.215025455 -0.031101892 -0.072566420 -0.003906733 0.996870935
1305031125.179353 -0.051667646 -0.088855796 0.217552260 -0.031095332 -0.069485873 -0.002829764 0.997094154
1305031125.211320 -0.051826637 -0.103667237 0.222528026 -0.035866830 -0.068553232 -0.002904905 0.996998310
1305031125.250632 -0.053502493 -0.117753908 0.226653755 -0.034915604 -0.068089493 -0.004704384 0.997057021
1305031125.279467 -0.056125525 -0.117447041 0.229512230 -0.029213632 -0.067327157 -0.006964774 0.997278869
1305031125.311493 -0.054655291 -0.133646265 0.233354211 -0.031995818 -0.066291995 -0.005270676 0.997273266
1305031125.348880 -0.056042913 -0.139164314 0.233961746 -0.027620353 -0.064691819 -0.008868557 0.997483552
1305031125.379401 -0.054436728 -0.141713500 0.241010830 -0.026480300 -0.063696310 -0.013407113 0.997527897
1305031125.411335 -0.055304077 -0.146073997 0.243631467 -0.026050689 -0.056916643 -0.014531514 0.997933209
1305031125.451195 -0.057053369 -0.153384328 0.246514767 -0.029602256 -0.051288009 -0.016390473 0.998110533
1305031125.479424 -0.057413276 -0.162152097 0.248891324 -0.029598808 -0.047121964 -0.018032258 0.998287678
1305031125.511316 -0.063523330 -0.162869513 0.246195301 -0.028218793 -0.040937204 -0.019943276 0.998564005
1305031125.551020 -0.062565058 -0.162565291 0.248878583 -0.028166754 -0.038402434 -0.021283014 0.998638630
1305031125.579308 -0.060485601 -0.164263770 0.250462174 -0.029461835 -0.035551399 -0.023064861 0.998667181
1305031125.611533 -0.060268827 -0.175443590 0.248740152 -0.031795215 -0.032204781 -0.022836670 0.998714387
1305031125.650575 -0.066289373 -0.179234222 0.244857505 -0.028352259 -0.030242618 -0.019939715 0.998941422
1305031125.679328 -0.069071934 -0.170826212 0.238931432 -0.022616295 -0.034022961 -0.019824356 0.998968422
1305031125.711443 -0.063880995 -0.169696376 0.240214378 -0.021097815 -0.041430745 -0.017418118 0.998766720
1305031125.751260 -0.062925212 -0.159136578 0.234085798 -0.015446948 -0.043457296 -0.015911948 0.998809159
1305031125.779348 -0.060137466 -0.151779830 0.231442541 -0.015643215 -0.045395985 -0.018897668 0.998667836
1305031125.811573 -0.060763143 -0.138895869 0.227619156 -0.013648327 -0.044230822 -0.019945063 0.998729050
1305031125.847412 -0.062126618 -0.130427927 0.223485842 -0.015327561 -0.042177446 -0.022619633 0.998736501
1305031125.879318 -0.063759774 -0.122198589 0.217946589 -0.015647976 -0.042364053 -0.022769364 0.998720229
1305031125.911305 -0.064924672 -0.112305999 0.211467996 -0.019563980 -0.045442574 -0.021402046 0.998546064
1305031125.947343 -0.069153726 -0.106743760 0.208691373 -0.023627698 -0.050968271 -0.018541677 0.998248637
1305031125.979324 -0.067542329 -0.092102297 0.206356570 -0.023054542 -0.059150521 -0.014791662 0.997873187
1305031126.011333 -0.059413835 -0.077153720 0.204959661 -0.024140460 -0.067418255 -0.014221213 0.997331381
1305031126.047324 -0.057413824 -0.061955445 0.201464236 -0.025584238 -0.068748951 -0.014113308 0.997206092
1305031126.079356 -0.056345668 -0.048191629 0.201066867 -0.029206637 -0.067639761 -0.013958964 0.997184515
1305031126.111370 -0.056193542 -0.039718833 0.200573325 -0.034191184 -0.066754751 -0.014265588 0.997081399
1305031126.147432 -0.054188382 -0.022192370 0.195953354 -0.035465449 -0.065851465 -0.011442720 0.997133315
1305031126.179384 -0.057427395 -0.009394241 0.193373889 -0.042160604 -0.064904295 -0.011426349 0.996935010
1305031126.211319 -0.052190427 -0.002339512 0.193202585 -0.048158947 -0.067144655 -0.011371815 0.996515453
1305031126.247298 -0.052042767 0.012418448 0.189539164 -0.050941270 -0.065656625 -0.010205494 0.996488869
1305031126.279363 -0.050537802 0.025735399 0.187795609 -0.054433312 -0.064264312 -0.012365784 0.996370554
1305031126.311332 -0.049948603 0.042966317 0.185943872 -0.056788281 -0.061212461 -0.015009142 0.996394992
1305031126.347363 -0.050248422 0.050230745 0.183555797 -0.062996939 -0.056991160 -0.016248627 0.996252716
1305031126.379423 -0.051188894 0.062310308 0.180180207 -0.066063330 -0.053747967 -0.016856540 0.996224225
1305031126.411465 -0.050055798 0.072987564 0.177678689 -0.071017392 -0.052850939 -0.018409055 0.995903909
1305031126.447361 -0.051697340 0.081223555 0.175638407 -0.075911120 -0.050677571 -0.017966179 0.995663881
1305031126.479533 -0.053039610 0.091257587 0.172942951 -0.078129850 -0.050646558 -0.014651792 0.995548129
1305031126.511410 -0.053384084 0.106343865 0.167551219 -0.079625726 -0.051980838 -0.013286415 0.995379984
1305031126.547374 -0.048805982 0.114661999 0.167157888 -0.086031951 -0.054012597 -0.012937048 0.994743109
1305031126.579454 -0.047896851 0.123940147 0.164669663 -0.090223730 -0.051842079 -0.011438698 0.994505584
1305031126.611528 -0.047717053 0.132309705 0.162903190 -0.095321096 -0.049947999 -0.009627224 0.994146109
1305031126.647376 -0.044428576 0.134729892 0.162902772 -0.101283699 -0.049212139 -0.007715734 0.993609726
1305031126.679479 -0.043723233 0.141707212 0.160303742 -0.102719031 -0.047074918 -0.003134512 0.993591011
1305031126.711583 -0.043042131 0.149886593 0.157854855 -0.104576290 -0.045315828 -0.000096581 0.993483961
1305031126.747316 -0.041300051 0.152357072 0.157126039 -0.106233001 -0.044037573 0.003049927 0.993360996
1305031126.779379 -0.042285074 0.158993006 0.154064789 -0.104991257 -0.042281821 0.005634709 0.993557930
1305031126.811602 -0.041556727 0.166206464 0.150870234 -0.103370667 -0.039544538 0.005375743 0.993841946
1305031126.847343 -0.038731761 0.167558417 0.148824677 -0.104813434 -0.036901236 0.006250311 0.993787408
1305031126.879357 -0.039442115 0.170828953 0.146357104 -0.105057746 -0.034279972 0.006781545 0.993852019
1305031126.911364 -0.038744528 0.173809394 0.145659938 -0.104374088 -0.032151930 0.006389470 0.993997753
1305031126.947437 -0.037601773 0.172387406 0.143868551 -0.106775180 -0.031669773 0.008718134 0.993740499
1305031126.979337 -0.038018268 0.171537712 0.143467888 -0.107641846 -0.032173719 0.009451754 0.993624091
1305031127.011371 -0.037098285 0.170568600 0.143143356 -0.106279820 -0.033449128 0.009624535 0.993726909
1305031127.047297 -0.036481738 0.173413396 0.142656267 -0.104266778 -0.034076963 0.010944505 0.993905187
1305031127.079299 -0.036003280 0.171058595 0.142993525 -0.105531044 -0.034862161 0.011397678 0.993739367
1305031127.111435 -0.038480714 0.164310098 0.141948760 -0.107894257 -0.035910085 0.011816463 0.993443370
1305031127.147307 -0.038502362 0.160232782 0.143185034 -0.107593216 -0.039537519 0.012395721 0.993331254
1305031127.179349 -0.037755687 0.163703039 0.143709525 -0.103113174 -0.042844180 0.011766838 0.993676782
1305031127.211700 -0.035849363 0.162214532 0.145930916 -0.102391377 -0.045212910 0.012009120 0.993643582
1305031127.247374 -0.035645742 0.155533865 0.147162288 -0.102292374 -0.045313723 0.011013881 0.993660808
1305031127.279465 -0.036817133 0.156450123 0.147409081 -0.098638095 -0.045159370 0.009842097 0.994049489
1305031127.311362 -0.037069868 0.150626063 0.149348050 -0.100748651 -0.046176959 0.009546143 0.993793905
1305031127.347356 -0.037178807 0.143708557 0.152020186 -0.100295380 -0.047975805 0.009031145 0.993759334
1305031127.379262 -0.035903029 0.143705621 0.152447686 -0.097023964 -0.049803536 0.009265629 0.993992031
1305031127.411371 -0.037938379 0.143714845 0.154701665 -0.095848843 -0.050213449 0.008202023 0.994094729
1305031127.447333 -0.037872400 0.136894211 0.157371491 -0.096853174 -0.051666312 0.007882798 0.993925571
1305031127.479362 -0.038301550 0.139245242 0.157924354 -0.093388647 -0.052777357 0.007295549 0.994203150
1305031127.511356 -0.040092669 0.138369188 0.159293637 -0.094242290 -0.053334873 0.006238385 0.994100034
1305031127.547348 -0.039792489 0.132907569 0.161338225 -0.095393308 -0.054253303 0.005860363 0.993942857
1305031127.579345 -0.041108754 0.133617133 0.161995009 -0.093014292 -0.054372955 0.005809278 0.994162083
1305031127.611271 -0.042253137 0.135096416 0.162350476 -0.092498213 -0.054534227 0.005229737 0.994204640
1305031127.647358 -0.040813856 0.130699545 0.164351374 -0.094595715 -0.055395246 0.006609840 0.993951380
1305031127.679298 -0.040208746 0.128969237 0.165141746 -0.093442395 -0.056170098 0.007681645 0.994009316
1305031127.711375 -0.042676561 0.132333830 0.163611323 -0.091327831 -0.055950329 0.006875245 0.994224072
1305031127.747304 -0.040852126 0.127920240 0.165831476 -0.094215602 -0.057279162 0.007085414 0.993877411
1305031127.779346 -0.041008160 0.125625491 0.166944057 -0.093304411 -0.057568792 0.006778714 0.993948817
1305031127.811829 -0.041883320 0.127932325 0.165685743 -0.090973079 -0.057546757 0.006366169 0.994168937
1305031127.847366 -0.041614186 0.127264217 0.166206107 -0.091337562 -0.057872716 0.005660824 0.994120836
1305031127.879380 -0.043217696 0.124889843 0.165817857 -0.091954753 -0.057629608 0.005148944 0.994080842
1305031127.911476 -0.044435181 0.125970811 0.166578129 -0.090906233 -0.058282498 0.004718294 0.994141340
1305031127.947366 -0.044325434 0.126536727 0.166578427 -0.091514453 -0.059285235 0.005147688 0.994024098
1305031127.979371 -0.043548234 0.125479817 0.168314010 -0.093352020 -0.060334835 0.004575031 0.993792832
1305031128.011427 -0.042169116 0.125417605 0.170898214 -0.094398893 -0.061154984 0.004751709 0.993642986
1305031128.047369 -0.041994657 0.123184994 0.174158245 -0.097406484 -0.060178749 0.005587808 0.993407965
1305031128.079334 -0.042056199 0.119701169 0.175541237 -0.098242834 -0.059867118 0.006304324 0.993340075
1305031128.111391 -0.042319696 0.119278401 0.175889954 -0.097417168 -0.059855156 0.006848315 0.993418574
1305031128.147418 -0.040953055 0.117705129 0.177499801 -0.098873898 -0.060521096 0.009252138 0.993214786
1305031128.179350 -0.039387524 0.112392366 0.180070445 -0.099891767 -0.061059482 0.010766735 0.993064702
1305031128.211447 -0.040821947 0.115696095 0.178651839 -0.096189022 -0.060241558 0.010926215 0.993478358
1305031128.247480 -0.039934110 0.117357925 0.180010542 -0.095849343 -0.061524201 0.011169586 0.993429899
1305031128.279336 -0.040374320 0.113511778 0.181006640 -0.097082600 -0.061586630 0.010943212 0.993308783
1305031128.311483 -0.042341199 0.115399085 0.179780334 -0.094967060 -0.060575150 0.009953302 0.993585944
1305031128.347423 -0.042112041 0.116077803 0.180363253 -0.094641827 -0.061012965 0.009110210 0.993598163
1305031128.379404 -0.042131685 0.114472710 0.180725947 -0.095238209 -0.061645720 0.007515541 0.993515491
1305031128.411337 -0.042994022 0.113664523 0.180596575 -0.094591148 -0.061307725 0.006392851 0.993606091
1305031128.447296 -0.042917609 0.113259792 0.180558458 -0.094385028 -0.061547302 0.005361834 0.993616939
1305031128.479296 -0.043295424 0.112440765 0.180412024 -0.094717585 -0.061790351 0.004377514 0.993575096
1305031128.511433 -0.043881916 0.110986792 0.179753214 -0.094542757 -0.061200663 0.003364912 0.993632197
1305031128.547399 -0.042721048 0.110428959 0.180052683 -0.094886832 -0.061347853 0.003139076 0.993591070
1305031128.579455 -0.042719394 0.107302465 0.180375189 -0.095377304 -0.060710084 0.002644836 0.993584692
1305031128.611395 -0.045341324 0.107338570 0.179338768 -0.093689531 -0.059612159 0.002722346 0.993811488
1305031128.647352 -0.046572745 0.107650653 0.178579673 -0.093062639 -0.060413003 0.003142084 0.993820786
1305031128.679282 -0.045235686 0.105813339 0.178781301 -0.093156047 -0.062426053 0.002499121 0.993689477
1305031128.711457 -0.043524932 0.107095048 0.179281950 -0.091197819 -0.063026361 0.001916464 0.993834496
1305031128.747363 -0.043407075 0.106996097 0.177907139 -0.090657637 -0.062055867 0.000985364 0.993946373
