1305031102.175304 0.0000000 0.0000000 0.0000000 -0.0000000 -0.0000000 -0.0000000 1.0000000
1305031103.143318 -0.0200131 0.0623202 0.3391383 -0.0502792 -0.0245173 0.0032151 0.9984291
1305031103.275370 -0.0279172 0.0780904 0.3690276 -0.0705500 -0.0233748 0.0124434 0.9971567
1305031103.575474 -0.0216355 0.0497631 0.3447689 -0.0761232 -0.0460808 0.0090698 0.9959918
1305031104.611336 0.0160469 -0.0621562 -0.0305866 -0.0013349 -0.0248388 -0.0081981 0.9996570
1305031104.811465 0.0221661 -0.0499983 -0.0915690 0.0767294 0.0197868 0.0007734 0.9968553
1305031106.243267 -0.0146372 0.0474620 0.3829515 -0.0700546 0.0027289 0.0225919 0.9972836
1305031106.375388 -0.0104621 0.0645312 0.4000986 -0.0870181 -0.0044144 0.0203121 0.9959899
1305031107.675568 0.0212130 -0.0311522 0.0084583 0.0061763 0.0129960 -0.0175101 0.9997432
1305031108.011320 0.0518951 -0.0256449 0.0311325 0.0025275 0.0211637 -0.0259754 0.9994354
1305031108.143334 0.0963299 -0.0211105 0.0443001 0.0123545 0.0449701 -0.0176489 0.9987560
1305031108.211475 0.1197994 -0.0181072 0.0513130 0.0059437 0.0495769 -0.0152789 0.9986358
1305031108.343278 0.1619886 -0.0107472 0.0660369 -0.0027309 0.0573404 -0.0133783 0.9982613
1305031108.611407 0.2742921 -0.0094619 0.0832557 -0.0126365 0.0644528 0.0135787 0.9977484
1305031108.675375 0.3029503 0.0005038 0.0814324 -0.0129902 0.0730374 0.0196824 0.9970503
1305031108.811244 0.3266044 -0.0055983 0.0878706 -0.0232054 0.0953263 0.0319740 0.9946618
1305031108.975268 0.3174796 -0.0082957 0.0787931 -0.0089320 0.0824656 0.0473213 0.9954298
1305031109.175464 0.2643547 -0.0018893 0.0705507 -0.0131119 0.0666501 0.0292142 0.9972625
1305031109.311329 0.2063888 -0.0043139 0.0684174 -0.0275009 0.0488071 0.0418792 0.9975508
1305031109.375397 0.1839216 -0.0010808 0.0674553 -0.0322902 0.0290187 0.0402893 0.9982445
1305031110.511429 -0.2379890 0.0139939 0.0726191 -0.0871794 -0.0858676 -0.0456578 0.9914343
1305031110.711412 -0.2961738 0.0283978 0.0782875 -0.0958853 -0.1064935 -0.0653128 0.9875219
1305031111.011431 -0.2905370 0.0425837 0.0894401 -0.0959655 -0.1138707 -0.0739587 0.9860802
1305031111.179326 -0.2463019 0.0429586 0.0952730 -0.0932224 -0.0977995 -0.0658420 0.9886403
1305031111.743386 -0.0039181 0.0119496 0.0937052 -0.0620084 -0.0369505 -0.0195400 0.9972000
1305031111.811406 0.0200525 0.0062166 0.0943574 -0.0582183 -0.0029786 -0.0159839 0.9981714
1305031111.979449 0.0825869 0.0154262 0.0970718 -0.0472717 0.0110082 0.0118575 0.9987510
1305031112.144342 0.1570397 0.0100732 0.0920109 -0.0378634 0.0482482 -0.0023304 0.9981148
1305031112.211254 0.1848108 0.0002004 0.0983302 -0.0428797 0.0699283 -0.0112619 0.9965664
1305031112.279353 0.2029284 -0.0046172 0.0978520 -0.0322522 0.0872772 -0.0187124 0.9954860
1305031112.343323 0.2247588 -0.0059978 0.0990497 -0.0191946 0.0894035 -0.0189734 0.9956298
1305031112.479418 0.2733588 -0.0034546 0.0939909 -0.0054357 0.0806460 0.0056708 0.9967119
1305031112.679952 0.3333545 0.0009647 0.0930736 -0.0022324 0.0793298 0.0395662 0.9960604
1305031112.743245 0.3384914 0.0143406 0.0926959 -0.0050981 0.0867912 0.0448132 0.9952050
1305031112.879421 0.3236365 0.0119827 0.1003627 -0.0215839 0.0844114 0.0475582 0.9950614
1305031113.011353 0.2937661 0.0118441 0.0996310 -0.0287685 0.0689473 0.0452487 0.9961783
1305031113.079251 0.2676540 -0.0009993 0.1010668 -0.0375391 0.0682860 0.0373972 0.9962577
1305031113.311452 0.1626315 -0.0119680 0.0894201 -0.0402879 0.0403967 0.0393071 0.9975971
1305031114.443345 -0.3055348 0.0044204 0.0978987 -0.0245077 -0.0621266 -0.0618961 0.9958456
1305031114.611391 -0.3392917 0.0051049 0.1071692 -0.0320582 -0.0839883 -0.0594650 0.9941741
1305031114.879281 -0.3464303 0.0085925 0.1116891 -0.0359411 -0.1038125 -0.0682013 0.9916047
1305031115.011300 -0.3211773 0.0211773 0.1142071 -0.0433622 -0.1013522 -0.0729491 0.9912245
1305031115.111230 -0.2844659 0.0292186 0.1289556 -0.0491769 -0.0936890 -0.0727374 0.9917224
1305031115.211374 -0.2481031 0.0191078 0.1351715 -0.0554072 -0.0798267 -0.0654348 0.9931144
1305031115.311704 -0.1969783 0.0131983 0.1453764 -0.0516217 -0.0699987 -0.0514804 0.9948795
1305031115.743250 0.0452266 0.0129132 0.1669397 -0.0631543 -0.0260760 0.0266286 0.9973076
1305031115.943311 0.1335467 0.0163463 0.1650950 -0.0603165 0.0196879 0.0683806 0.9956397
1305031116.043164 0.1828775 0.0222954 0.1690377 -0.0668482 0.0435257 0.0788223 0.9936920
1305031116.143441 0.2072758 0.0284651 0.1765704 -0.0801014 0.0759645 0.0871692 0.9900579
1305031116.279385 0.2636955 0.0355333 0.1771033 -0.0863970 0.0952155 0.1019783 0.9864431
1305031116.379384 0.2705764 0.0207085 0.1838655 -0.0909123 0.1198377 0.1063160 0.9828890
1305031116.579313 0.2465081 0.0313305 0.1674643 -0.0796212 0.1260041 0.1119679 0.9824697
1305031116.679281 0.2074884 0.0282532 0.1635717 -0.0779038 0.1066184 0.0875457 0.9873699
1305031116.779298 0.1589076 0.0309919 0.1600667 -0.0804235 0.0952572 0.0561527 0.9906084
1305031116.880165 0.0998183 0.0330717 0.1595087 -0.0786188 0.0752896 0.0344508 0.9934605
1305031117.011382 0.0274984 0.0414265 0.1538401 -0.0743645 0.0264610 0.0037298 0.9968730
1305031117.979228 -0.0513322 -0.0942341 0.1957819 -0.0805106 -0.0522630 -0.0078391 0.9953518
1305031118.143256 -0.0506473 -0.1463371 0.2225589 -0.0807881 -0.0413474 -0.0121376 0.9957994
1305031118.279194 -0.0551243 -0.1916013 0.2384931 -0.0726883 -0.0364873 -0.0131183 0.9966007
1305031119.679208 -0.0559956 0.1392029 0.1058353 -0.0661328 -0.0436039 -0.0219449 0.9966161
1305031120.015264 -0.0633035 0.2247479 0.0873187 -0.0939795 -0.0249885 -0.0022006 0.9952581
1305031120.514819 -0.0604737 0.1230845 0.1212333 -0.0724740 -0.0330553 -0.0004010 0.9968223
1305031121.647183 -0.0523380 -0.1862107 0.2271232 -0.0128624 -0.0510079 -0.0027940 0.9986115
1305031122.314289 -0.0640128 -0.1104411 0.2047811 -0.0300344 -0.0452442 -0.0268401 0.9981636
1305031122.451257 -0.0713648 -0.0715612 0.1846942 -0.0481553 -0.0565684 -0.0288311 0.9968199
1305031123.311327 -0.0676711 0.1882752 0.1069137 -0.1014443 -0.0412542 -0.0139108 0.9938881
1305031123.511360 -0.0619273 0.2430901 0.1024236 -0.1198773 -0.0229755 0.0017781 0.9925213
1305031123.851444 -0.0522923 0.3034523 0.0919317 -0.1385719 -0.0127651 0.0181221 0.9901043
1305031124.111331 -0.0553432 0.2755227 0.1035142 -0.1149538 -0.0300624 0.0206170 0.9927018
1305031124.879355 -0.0478476 -0.0035869 0.1758741 -0.0432936 -0.0724921 -0.0095302 0.9963834
1305031124.979438 -0.0484370 -0.0407413 0.1961594 -0.0439879 -0.0679487 -0.0076493 0.9966893
1305031126.279363 -0.0505378 0.0257354 0.1877956 -0.0544333 -0.0642643 -0.0123658 0.9963706
