1341846434.710184 0.0000000 0.0000000 0.0000000 -0.0000000 -0.0000000 -0.0000000 1.0000000
1341846434.778203 0.0122554 0.0038200 0.0108209 0.0061951 0.0032772 0.0026403 0.9999720
1341846434.810024 -0.0039917 0.0081630 -0.0168001 0.0062080 0.0059130 0.0019418 0.9999614
1341846434.914148 0.0178012 -0.0008706 -0.0383409 0.0025040 -0.0040677 -0.0186249 0.9998151
1341846434.946443 0.0455744 -0.0120408 -0.0475441 -0.0010221 -0.0206600 -0.0259801 0.9994484
1341846435.014019 0.0494576 -0.0278689 -0.0517159 -0.0003487 -0.0322450 -0.0285383 0.9990724
1341846435.550153 0.2178247 -0.0439241 -0.0507298 0.0171147 -0.0894680 -0.0081811 0.9958090
1341846435.618180 0.2274754 -0.0700703 -0.0492468 0.0171305 -0.0975500 -0.0123738 0.9950063
1341846435.650183 0.2481986 -0.0657814 -0.0555683 0.0207066 -0.1054962 -0.0140280 0.9941052
1341846435.681920 0.2651749 -0.0636649 -0.0411494 0.0231867 -0.1072905 -0.0138131 0.9938613
1341846435.717877 0.2802960 -0.0607503 -0.0573819 0.0246091 -0.1083513 -0.0155256 0.9936867
1341846435.750187 0.2876088 -0.0667781 -0.0542718 0.0242870 -0.1111770 -0.0166251 0.9933647
1341846435.782022 0.2984710 -0.0678161 -0.0598410 0.0253053 -0.1151066 -0.0170958 0.9928836
1341846435.818082 0.3147499 -0.0693929 -0.0563489 0.0255826 -0.1190543 -0.0180393 0.9923941
1341846435.849992 0.3221402 -0.0778088 -0.0623518 0.0259092 -0.1214306 -0.0178002 0.9921020
1341846435.886101 0.3359171 -0.0715870 -0.0595061 0.0272105 -0.1261285 -0.0186721 0.9914649
1341846435.918077 0.3485292 -0.0734655 -0.0575721 0.0267996 -0.1298392 -0.0170058 0.9910269
1341846435.950077 0.3598696 -0.0833206 -0.0648468 0.0255545 -0.1337766 -0.0146351 0.9905739
1341846435.986080 0.3682280 -0.0864876 -0.0562723 0.0270569 -0.1384978 -0.0128449 0.9899098
1341846436.018119 0.3762121 -0.0784329 -0.0594199 0.0289133 -0.1440617 -0.0121583 0.9890715
1341846436.050565 0.3948229 -0.0731242 -0.0595032 0.0283255 -0.1491957 -0.0098135 0.9883532
1341846436.085970 0.3950491 -0.0727172 -0.0503799 0.0262576 -0.1521110 -0.0074331 0.9879866
1341846436.118116 0.4201527 -0.0799936 -0.0460121 0.0243946 -0.1589948 -0.0051042 0.9869648
1341846436.690078 0.5206424 -0.0918967 0.0264498 0.0173254 -0.2116944 -0.0048593 0.9771703
1341846436.722015 0.5293442 -0.0887488 0.0155175 0.0173935 -0.2191752 -0.0074413 0.9755021
1341846436.754167 0.5344345 -0.0978288 0.0182285 0.0159940 -0.2254771 -0.0121931 0.9740409
1341846436.790021 0.5329203 -0.1007045 0.0382659 0.0192393 -0.2330153 -0.0089578 0.9722415
1341846436.822079 0.5675939 -0.0880508 0.0417163 0.0209669 -0.2434435 -0.0095314 0.9696416
1341846436.889894 0.5821262 -0.0979492 0.0595494 0.0139985 -0.2494716 -0.0085310 0.9682434
1341846436.922139 0.5830212 -0.0922968 0.0728688 0.0159790 -0.2540363 -0.0048079 0.9670507
1341846436.958108 0.6031902 -0.0844147 0.0762335 0.0153242 -0.2599488 0.0012662 0.9654999
1341846437.058136 0.6178085 -0.0909019 0.0643144 0.0114821 -0.2705861 0.0027182 0.9626235
1341846437.096585 0.6389956 -0.0936328 0.0758268 0.0087103 -0.2762724 0.0064577 0.9610182
1341846437.126102 0.6483546 -0.0865751 0.0760317 0.0068788 -0.2799593 0.0060120 0.9599684
1341846437.158050 0.6528479 -0.0783166 0.0781668 0.0022271 -0.2823531 0.0058841 0.9592900
1341846437.226114 0.6605640 -0.0643104 0.0970984 -0.0111274 -0.2893762 0.0028281 0.9571466
1341846437.258123 0.6699685 -0.0759855 0.1093967 -0.0239317 -0.2914199 0.0045060 0.9562852
1341846437.290095 0.6831744 -0.0890469 0.1002399 -0.0313764 -0.2951081 0.0066240 0.9549256
1341846437.326061 0.6826260 -0.0785173 0.1104097 -0.0367754 -0.2992884 0.0069295 0.9534286
1341846437.364153 0.6892738 -0.0840728 0.1063376 -0.0431528 -0.3037210 0.0054812 0.9517675
1341846437.396140 0.6992751 -0.0923266 0.1144953 -0.0475008 -0.3084479 0.0056867 0.9500375
1341846437.431962 0.7008096 -0.0886583 0.1099710 -0.0506793 -0.3139066 0.0048182 0.9480881
1341846437.464061 0.7100505 -0.0691846 0.1386611 -0.0551046 -0.3202476 0.0022840 0.9457271
1341846437.500080 0.7197970 -0.0982287 0.1467215 -0.0636659 -0.3238145 0.0035127 0.9439695
1341846437.536428 0.7254114 -0.1058037 0.1516153 -0.0645310 -0.3279812 0.0047286 0.9424658
1341846437.568842 0.7290459 -0.1017502 0.1600713 -0.0586177 -0.3326516 0.0037776 0.9412187
1341846437.600736 0.7337133 -0.0956584 0.1626962 -0.0532703 -0.3342729 0.0039809 0.9409613
1341846437.632742 0.7468702 -0.0938734 0.1729271 -0.0511322 -0.3351710 0.0042961 0.9407589
1341846437.669713 0.7516594 -0.0912620 0.1749460 -0.0490207 -0.3350279 0.0035064 0.9409257
1341846437.700232 0.8779674 -0.1073428 0.1957710 -0.0513032 -0.3400004 0.0058453 0.9390067
1341846437.739652 0.8508722 -0.1084758 0.2016621 -0.0479943 -0.3318013 -0.0018017 0.9421259
1341846437.795294 0.7917081 -0.1038718 0.1991824 -0.0424541 -0.3164731 -0.0178714 0.9474825
1341846437.830422 0.7573096 -0.0959461 0.2016044 -0.0366838 -0.3127592 -0.0204896 0.9489026
1341846437.863213 0.7277160 -0.0936471 0.2017840 -0.0342777 -0.3104514 -0.0179513 0.9498014
1341846437.930096 0.8173837 -0.1091829 0.1938739 -0.0374960 -0.3062526 -0.0103763 0.9511549
1341846437.961942 0.8027569 -0.1060873 0.2134769 -0.0386821 -0.3075213 -0.0060900 0.9507352
1341846437.994103 0.8225313 -0.0926469 0.2050311 -0.0377616 -0.3105855 -0.0042791 0.9497855
1341846438.030032 0.8214877 -0.0724128 0.2146719 -0.0413367 -0.3098653 -0.0039511 0.9498732
1341846438.068074 0.8214307 -0.1028251 0.2270507 -0.0496406 -0.3107112 -0.0020430 0.9492051
1341846438.130017 0.8246068 -0.1069126 0.2508568 -0.0421497 -0.3159719 -0.0004818 0.9478317
1341846438.164374 0.8253915 -0.0930206 0.2480331 -0.0389047 -0.3141170 -0.0060498 0.9485675
1341846438.298333 0.8225315 -0.0974371 0.2803704 -0.0398433 -0.3055046 -0.0105568 0.9512981
1341846438.398154 0.8076465 -0.0861698 0.2775684 -0.0409596 -0.2884026 -0.0114191 0.9565646
1341846439.001871 0.6311314 -0.0731431 0.2845827 -0.0459744 -0.1817675 0.0031328 0.9822612
1341846441.282130 -0.3168332 -0.0628655 0.2639120 0.0160095 0.1587544 0.0107397 0.9871299
1341846441.382129 -0.3547080 -0.0728977 0.2714097 0.0153436 0.1712514 0.0047457 0.9850965
1341846441.445996 -0.3754774 -0.0665241 0.2624748 0.0182643 0.1723726 0.0039116 0.9848548
1341846441.482023 -0.3940683 -0.0695479 0.2612121 0.0166576 0.1755097 0.0020555 0.9843346
1341846442.118273 -0.6158134 -0.0996567 0.3532420 -0.0201601 0.2108476 0.0179327 0.9771465
1341846442.150914 -0.6288599 -0.1075662 0.3667716 -0.0180465 0.2115364 0.0183450 0.9770313
1341846442.186309 -0.6236816 -0.1067486 0.3667877 -0.0130610 0.2125779 0.0219538 0.9768102
1341846442.254276 -0.6124855 -0.0988301 0.4030793 -0.0114852 0.2205652 0.0205209 0.9750887
1341846442.286112 -0.6481704 -0.1100294 0.3424977 -0.0170265 0.2266987 0.0169153 0.9736692
1341846442.318240 -0.6946933 -0.1241208 0.3351985 -0.0276116 0.2406939 0.0137567 0.9701107
1341846442.359932 -0.7307541 -0.1311034 0.3269623 -0.0329222 0.2498489 0.0166248 0.9675822
1341846442.417971 -0.7956752 -0.1436021 0.2921279 -0.0434663 0.2657896 0.0125432 0.9629690
1341846442.455016 -0.8325509 -0.1445454 0.3238272 -0.0459242 0.2756087 0.0171984 0.9600183
1341846442.486191 -0.8281235 -0.0995242 0.4274780 -0.0399595 0.2833005 0.0282710 0.9577813
1341846442.522074 -0.7133219 -0.0850822 0.4466933 -0.0405958 0.2853902 0.0371470 0.9568305
1341846442.553917 -0.7404238 -0.0853724 0.4715948 -0.0472813 0.3012747 0.0347150 0.9517315
1341846442.585989 -0.7378891 -0.0890250 0.4705062 -0.0544066 0.3109728 0.0382438 0.9480892
1341846442.627895 -0.7982410 -0.0917136 0.4743499 -0.0550411 0.3317296 0.0344659 0.9411366
1341846442.721990 -0.7792803 -0.1256685 0.4902604 -0.0570128 0.3532845 0.0241151 0.9334656
1341846442.754276 -0.8014488 -0.1295579 0.5031794 -0.0547776 0.3602899 0.0207705 0.9309990
1341846442.822072 -0.8186343 -0.1173026 0.5041891 -0.0559943 0.3664764 0.0170268 0.9285848
1341846442.922114 -0.8474215 -0.1231273 0.5304722 -0.0557429 0.3715532 0.0215428 0.9264863
1341846443.122143 -0.8854401 -0.1230515 0.6294914 -0.0446588 0.3793100 0.0389919 0.9233684
1341846443.158076 -0.8899333 -0.1262427 0.6360670 -0.0431803 0.3772393 0.0419113 0.9241588
1341846443.226121 -0.9039674 -0.1218019 0.6521798 -0.0399371 0.3796462 0.0468190 0.9230828
1341846443.289997 -0.9152443 -0.1267835 0.6543773 -0.0388717 0.3781553 0.0505215 0.9235449
1341846443.726282 -0.9951643 -0.1094720 0.7651070 -0.0638186 0.4389752 0.0629851 0.8940139
1341846443.831984 -1.0128505 -0.0945198 0.7982092 -0.0700314 0.4412487 0.0680022 0.8920599
1341846443.993912 -1.0460293 -0.1023674 0.8595990 -0.0733283 0.4402049 0.0662429 0.8924431
1341846444.093984 -1.0563800 -0.0971395 0.8895882 -0.0822501 0.4396797 0.0637768 0.8921039
1341846444.198431 -1.0692581 -0.0860099 0.9048097 -0.0846629 0.4418845 0.0660065 0.8906253
1341846444.298029 -1.0729532 -0.0790277 0.9160813 -0.0848916 0.4343891 0.0749127 0.8935813
1341846444.498181 -1.0769995 -0.0909263 0.9348803 -0.0968874 0.4150766 0.0740454 0.9015772
1341846444.697995 -1.0512807 -0.0925627 0.8759193 -0.0883824 0.3939986 0.0720714 0.9120084
1341846445.134054 -0.9700733 -0.1120199 0.6999917 -0.0758828 0.3592120 0.0697690 0.9275456
1341846445.234202 -0.9443171 -0.1159422 0.6588686 -0.0726326 0.3379643 0.0578192 0.9365690
1341846445.537946 -0.8287749 -0.1058734 0.5383368 -0.0601265 0.2780679 0.0351422 0.9580334
1341846446.038148 -0.6144608 -0.1017919 0.4096185 -0.0479892 0.1686864 0.0011838 0.9845002
1341846446.979416 -0.2587275 -0.0183772 0.2475100 -0.0839605 0.0343447 0.0125907 0.9957975
1341846447.252104 -0.1624489 -0.0238572 0.2227379 -0.0946813 0.0374541 0.0092788 0.9947596
1341846447.420069 -0.1498536 -0.0375877 0.2136339 -0.1107248 0.0475181 0.0112073 0.9926512
1341846448.218203 -0.1586003 -0.1171853 0.1767416 -0.1578276 0.0406404 0.0149228 0.9865172
1341846448.753983 -0.1460130 -0.1162908 0.1420818 -0.1755143 0.0324728 0.0103284 0.9838870
1341846448.922419 -0.1590141 -0.1391574 0.1374168 -0.1895891 0.0331001 0.0072526 0.9812787
1341846449.054021 -0.1538115 -0.1650166 0.1514738 -0.2278949 0.0397523 -0.0009871 0.9728734
1341846449.290278 -0.1420793 -0.2264444 0.1614093 -0.2272625 0.0422485 0.0036664 0.9729098
1341846449.426101 -0.1105700 -0.2627258 0.1879329 -0.2290232 0.0470272 0.0199501 0.9720796
1341846449.558288 -0.1413677 -0.3053931 0.2219658 -0.2359000 0.0575269 0.0181054 0.9699042
1341846449.694129 -0.1334468 -0.3144248 0.2500073 -0.2312337 0.0562279 0.0125446 0.9711910
1341846449.794073 -0.1348870 -0.3327188 0.2839448 -0.2455425 0.0567622 0.0155920 0.9675969
1341846449.894052 -0.1867815 -0.3256167 0.3210491 -0.2382692 0.0622866 0.0096936 0.9691513
1341846449.994047 -0.1414294 -0.3743510 0.3511275 -0.2403009 0.0630427 0.0075145 0.9686200
1341846450.230042 -0.1573231 -0.4236382 0.4282100 -0.2568209 0.0682566 -0.0022647 0.9640431
1341846450.361929 -0.1491441 -0.4466241 0.4740679 -0.2595485 0.0545570 -0.0115157 0.9641190
1341846450.561983 -0.1403673 -0.4923862 0.5458465 -0.2713439 0.0411276 -0.0258614 0.9612556
1341846450.666178 -0.1756368 -0.5111126 0.5765194 -0.2786020 0.0378020 -0.0230440 0.9593858
1341846450.765977 -0.1642914 -0.5278690 0.5950242 -0.2863334 0.0176229 -0.0185555 0.9577883
1341846450.866022 -0.1641558 -0.5191835 0.6012269 -0.2886831 0.0134856 -0.0344578 0.9567094
1341846451.133979 -0.1594016 -0.5444640 0.6680534 -0.3144817 -0.0060000 -0.0535282 0.9477341
1341846452.206235 -0.1825289 -0.4341236 0.4141159 -0.2283297 0.0147168 -0.0402835 0.9726388
1341846452.574108 -0.1972465 -0.3765165 0.3087919 -0.1872294 0.0139590 -0.0114247 0.9821506
1341846452.742117 -0.2059068 -0.3153389 0.2700035 -0.1697027 0.0170682 -0.0096860 0.9852999
1341846452.910212 -0.2295761 -0.2943934 0.2441531 -0.1624027 0.0317209 -0.0095839 0.9861680
1341846453.010078 -0.2363802 -0.2652847 0.2216214 -0.1516146 0.0345910 -0.0143370 0.9877302
1341846453.210744 -0.2714524 -0.2233382 0.2435024 -0.1361469 0.0412794 -0.0263427 0.9894777
1341846453.413993 -0.2832028 -0.1918529 0.2405977 -0.0963004 0.0442320 -0.0466818 0.9932727
1341846453.489022 -0.3033886 -0.1944663 0.2409034 -0.0743035 0.0440732 -0.0522688 0.9948892
1341846453.552202 -0.2983304 -0.1666593 0.2304742 -0.0470454 0.0430594 -0.0447041 0.9969625
1341846453.588242 -0.3013744 -0.1416406 0.2279252 -0.0381227 0.0427167 -0.0393016 0.9975858
1341846453.687999 -0.3067341 -0.1185753 0.2220504 -0.0289157 0.0467261 -0.0455331 0.9974504
1341846453.756055 -0.3080340 -0.0930584 0.2359244 -0.0160299 0.0486062 -0.0465485 0.9976040
1341846453.855942 -0.3149840 -0.0423499 0.2142292 -0.0058890 0.0499126 -0.0422212 0.9978434
1341846453.987940 -0.3233668 -0.0446196 0.2193891 0.0050118 0.0487325 -0.0417234 0.9979275
1341846454.456041 -0.3445027 0.0859205 0.2317532 0.0211463 0.0446364 -0.0435763 0.9978284
1341846455.122055 -0.3379569 0.2806575 0.2686721 0.1014278 0.0454080 -0.0082775 0.9937716
1341846455.322654 -0.3371875 0.3508784 0.2769835 0.1122983 0.0431372 -0.0021148 0.9927356
1341846455.358098 -0.3432302 0.3617676 0.2877384 0.1139590 0.0381319 0.0034138 0.9927475
1341846455.490042 -0.3335821 0.3972828 0.3172394 0.1128048 0.0291429 0.0062824 0.9931698
1341846455.525978 -0.3261231 0.4195083 0.3101906 0.1165745 0.0261171 0.0083405 0.9928035
1341846455.558173 -0.3294343 0.4283732 0.3096558 0.1151207 0.0275680 0.0072965 0.9929421
1341846455.590092 -0.3325446 0.4313550 0.3268158 0.1164059 0.0261609 0.0060975 0.9928384
1341846455.625973 -0.3375748 0.4464129 0.3039110 0.1184964 0.0241238 0.0057271 0.9926448
1341846455.658077 -0.3316507 0.4582593 0.3170821 0.1201295 0.0222415 0.0058514 0.9924918
1341846455.690122 -0.3308910 0.4668818 0.3364411 0.1217222 0.0221886 0.0017834 0.9923146
1341846455.726004 -0.3298100 0.4712725 0.3431742 0.1263915 0.0197742 0.0026319 0.9917799
1341846455.826431 -0.3220972 0.5035229 0.3785726 0.1449511 0.0168905 -0.0014176 0.9892936
1341846455.858084 -0.3058491 0.5087541 0.3987979 0.1542826 0.0130160 0.0035478 0.9879346
1341846455.893948 -0.3181218 0.5245413 0.3777827 0.1642588 0.0170938 0.0006894 0.9862689
1341846455.926012 -0.3222502 0.5319858 0.3649854 0.1694048 0.0201933 -0.0014529 0.9853386
1341846455.958115 -0.3216538 0.5357882 0.3673472 0.1762604 0.0182092 0.0020883 0.9841729
1341846455.994972 -0.3144025 0.5461289 0.3614940 0.1823840 0.0177313 0.0008646 0.9830671
1341846456.026027 -0.3139452 0.5550777 0.3681375 0.1865276 0.0190989 -0.0015270 0.9822629
1341846456.061926 -0.3182714 0.5586692 0.3812694 0.1910865 0.0189656 -0.0033005 0.9813844
1341846456.093945 -0.3084427 0.5725200 0.3742931 0.1961547 0.0176845 -0.0058806 0.9803959
1341846456.126153 -0.3142222 0.5916750 0.3590098 0.1996811 0.0189657 -0.0097183 0.9796292
1341846456.162325 -0.3162755 0.5963904 0.3704221 0.2007675 0.0200325 -0.0146600 0.9793243
1341846456.194021 -0.3032043 0.6032624 0.3837289 0.2074817 0.0198162 -0.0164793 0.9778994
1341846456.229852 -0.3166409 0.6101138 0.3795136 0.2133043 0.0208649 -0.0151871 0.9766449
1341846456.262012 -0.3262543 0.6253000 0.3688823 0.2167083 0.0233854 -0.0193042 0.9757653
1341846456.293900 -0.3350932 0.6477628 0.3721711 0.2182305 0.0256153 -0.0220265 0.9753124
1341846456.330221 -0.3222363 0.6413703 0.3960913 0.2214780 0.0254305 -0.0225520 0.9745728
1341846456.362093 -0.3289365 0.6654925 0.3664145 0.2259242 0.0255469 -0.0223970 0.9735523
1341846456.394095 -0.3381017 0.6753067 0.3589989 0.2260801 0.0257837 -0.0259638 0.9734213
1341846456.429930 -0.3361865 0.6774113 0.3387814 0.2235056 0.0243305 -0.0281155 0.9739932
1341846456.462149 -0.3481421 0.6852691 0.3444812 0.2236415 0.0248828 -0.0305373 0.9738751
1341846456.498080 -0.3413643 0.6951007 0.3556710 0.2247325 0.0219628 -0.0298318 0.9737161
1341846456.529977 -0.3379803 0.7038263 0.3683576 0.2262258 0.0210009 -0.0290277 0.9734158
1341846456.562074 -0.3341459 0.7149912 0.3877547 0.2274935 0.0221306 -0.0291430 0.9730918
1341846456.598113 -0.3556419 0.7247258 0.3578180 0.2273246 0.0203347 -0.0243317 0.9733027
1341846456.629868 -0.3551574 0.7375442 0.3703487 0.2298302 0.0154518 -0.0210407 0.9728806
1341846456.662113 -0.3475437 0.7493410 0.3906507 0.2296391 0.0152626 -0.0238954 0.9728628
1341846456.697989 -0.3456897 0.7537279 0.3839400 0.2277507 0.0150459 -0.0258069 0.9732612
1341846456.766110 -0.3418058 0.7716117 0.3925959 0.2289518 0.0110606 -0.0272926 0.9729922
1341846456.798062 -0.3413138 0.7804255 0.4064786 0.2290522 0.0121689 -0.0293151 0.9728965
1341846456.830204 -0.3486887 0.7779933 0.3981078 0.2294921 0.0126151 -0.0308800 0.9727388
1341846456.966238 -0.3500285 0.8137884 0.4127225 0.2333330 0.0125742 -0.0308306 0.9718267
1341846456.997966 -0.3456415 0.8251479 0.4068851 0.2363045 0.0102281 -0.0266981 0.9712584
1341846457.034139 -0.3448229 0.8440135 0.4051668 0.2380228 0.0115997 -0.0274288 0.9708029
1341846457.098123 -0.3448460 0.8451852 0.4146329 0.2385767 0.0118200 -0.0278817 0.9706514
1341846457.133984 -0.3436159 0.8556874 0.4180144 0.2406317 0.0117639 -0.0281769 0.9701361
1341846457.234155 -0.3477283 0.8671330 0.4087570 0.2487054 0.0132028 -0.0280151 0.9680839
1341846457.266029 -0.3460279 0.8724764 0.4013395 0.2497689 0.0127653 -0.0271055 0.9678419
1341846457.302162 -0.3432978 0.8793985 0.4070727 0.2498795 0.0143708 -0.0286493 0.9677463
1341846457.365992 -0.3371044 0.8841106 0.4175229 0.2481021 0.0170624 -0.0270960 0.9682046
1341846457.434165 -0.3365428 0.8858938 0.4199971 0.2459165 0.0228189 -0.0295322 0.9685723
1341846457.470028 -0.3435517 0.8829944 0.4205675 0.2427618 0.0233074 -0.0301626 0.9693367
1341846457.502234 -0.3325827 0.8781322 0.4120455 0.2403728 0.0218683 -0.0298260 0.9699758
1341846457.534037 -0.3311598 0.8852739 0.4076348 0.2370882 0.0257876 -0.0336849 0.9705614
1341846457.570088 -0.3364248 0.8811787 0.4187309 0.2300275 0.0293224 -0.0367087 0.9720494
1341846457.601985 -0.3331007 0.8627700 0.4124746 0.2235630 0.0290120 -0.0353760 0.9736152
1341846457.634100 -0.3221206 0.8569491 0.4107736 0.2206154 0.0313867 -0.0324402 0.9743158
1341846457.670084 -0.3220963 0.8445454 0.4161143 0.2171061 0.0356643 -0.0280083 0.9750941
1341846457.701992 -0.3163254 0.8264931 0.4145875 0.2141099 0.0388999 -0.0236259 0.9757488
1341846457.738024 -0.3115259 0.8051760 0.4201747 0.2143132 0.0422573 -0.0206382 0.9756323
1341846457.770266 -0.3123524 0.7976580 0.4161291 0.2164929 0.0452081 -0.0165588 0.9750963
1341846457.802137 -0.3071565 0.7809234 0.4125185 0.2174121 0.0475571 -0.0158852 0.9747912
1341846457.838017 -0.3004646 0.7587541 0.3996569 0.2178338 0.0513121 -0.0167563 0.9744921
1341846457.870077 -0.3044213 0.7553226 0.4115631 0.2192081 0.0544642 -0.0158015 0.9740286
1341846457.902124 -0.2998866 0.7375749 0.4089330 0.2189090 0.0539319 -0.0142606 0.9741493
1341846457.937994 -0.2899553 0.7279484 0.4069991 0.2202154 0.0574098 -0.0155562 0.9736362
1341846457.970119 -0.2998368 0.7152058 0.4090657 0.2176474 0.0599879 -0.0152896 0.9740623
1341846458.006046 -0.2942796 0.6988354 0.3974330 0.2141916 0.0595179 -0.0168849 0.9748305
1341846458.038014 -0.2851676 0.6882287 0.3920521 0.2115526 0.0630411 -0.0192937 0.9751405
1341846458.070131 -0.2894484 0.6733498 0.3978484 0.2084916 0.0664020 -0.0180785 0.9755999
1341846458.344939 -0.2794363 0.5449696 0.3666212 0.1771272 0.0674720 -0.0114353 0.9818059
1341846458.442040 -0.2744333 0.5009076 0.3560391 0.1672586 0.0660250 -0.0066543 0.9836773
1341846458.506295 -0.2753097 0.4661874 0.3460969 0.1604286 0.0645997 -0.0033366 0.9849256
1341846458.541965 -0.2712362 0.4543681 0.3431037 0.1551389 0.0633833 -0.0027593 0.9858534
1341846458.673954 -0.2757320 0.3993150 0.3239694 0.1344129 0.0590627 0.0040942 0.9891552
1341846458.710158 -0.2730925 0.4088840 0.3199075 0.1270891 0.0577399 0.0009954 0.9902088
1341846458.741981 -0.2730467 0.3732270 0.3303678 0.1112058 0.0549015 -0.0011918 0.9922791
1341846458.773965 -0.2780832 0.3667590 0.3148936 0.1021186 0.0482993 -0.0051028 0.9935859
1341846459.409983 -0.2621540 0.1692893 0.2348856 -0.0043523 0.0473099 -0.0360636 0.9982195
1341846459.614088 -0.2829816 0.1392734 0.2314497 -0.0195086 0.0559324 -0.1095469 0.9922149
1341846459.713908 -0.2898427 0.1368434 0.2300157 -0.0265720 0.0521840 -0.1667935 0.9842513
1341846459.845917 -0.2967439 0.1322772 0.2292974 -0.0303453 0.0381756 -0.2295774 0.9720679
1341846459.914201 -0.3052208 0.1333509 0.2111446 -0.0366069 0.0262218 -0.2693671 0.9619843
1341846459.982150 -0.3122166 0.1413125 0.2226932 -0.0511458 0.0191892 -0.3101004 0.9491331
1341846460.181998 -0.3299690 0.1449581 0.2035659 -0.0773169 -0.0015276 -0.3844437 0.9199037
1341846460.450206 -0.3323115 0.1730226 0.1912607 -0.1067982 -0.0156565 -0.4462162 0.8883919
1341846460.685981 -0.3465249 0.1867460 0.1863142 -0.1408352 -0.0354981 -0.5265644 0.8376367
1341846460.953981 -0.3537613 0.2008090 0.1853379 -0.1809213 -0.0368943 -0.5772094 0.7954468
1341846461.153999 -0.3660464 0.2027802 0.1771482 -0.1870459 -0.0194426 -0.5726476 0.7979415
1341846461.558036 -0.3164774 0.1672112 0.1965512 -0.1451278 0.0034318 -0.5077575 0.8491811
1341846461.789933 -0.3307657 0.1501629 0.2040707 -0.1065189 0.0167397 -0.4204718 0.9008757
1341846461.994132 -0.3315982 0.1329175 0.2156310 -0.0649206 0.0318386 -0.3332163 0.9400737
1341846462.094057 -0.3327681 0.1307597 0.2192027 -0.0515463 0.0279058 -0.2816890 0.9577137
1341846462.226092 -0.3439965 0.1168200 0.2197844 -0.0339588 0.0206974 -0.2138916 0.9760476
1341846462.735984 -0.3481951 0.0821236 0.1893307 0.0392204 0.0242684 0.0246006 0.9986329
1341846462.904097 -0.3324348 0.0646466 0.1890025 0.0489008 0.0214259 0.1137422 0.9920748
1341846462.966029 -0.3342738 0.0553959 0.1909081 0.0565126 0.0273041 0.1278319 0.9898080
1341846463.198310 -0.3258837 0.0556347 0.1826092 0.0754471 0.0311236 0.2233318 0.9713197
1341846463.234037 -0.3307715 0.0563365 0.1780535 0.0744209 0.0339888 0.2366162 0.9681524
1341846463.298219 -0.3234356 0.0438532 0.1830824 0.0746876 0.0348921 0.2588394 0.9623962
1341846463.334210 -0.3161347 0.0400806 0.1776429 0.0788174 0.0353448 0.2690799 0.9592365
1341846463.365995 -0.3138818 0.0380674 0.1766690 0.0856328 0.0354602 0.2802085 0.9554543
1341846463.402065 -0.3118374 0.0367135 0.1759966 0.0917619 0.0361046 0.2872136 0.9527773
1341846463.434179 -0.3101079 0.0367318 0.1741451 0.0950359 0.0377281 0.2943084 0.9502249
1341846463.466070 -0.3093288 0.0359010 0.1782252 0.0997686 0.0407052 0.3028632 0.9469230
1341846463.501955 -0.3095430 0.0357914 0.1759566 0.1046075 0.0430706 0.3103639 0.9438626
1341846463.566060 -0.3091874 0.0354699 0.1759863 0.1091500 0.0467366 0.3279257 0.9372122
1341846463.601907 -0.3099164 0.0357214 0.1743205 0.1109509 0.0484974 0.3364118 0.9338977
1341846463.734494 -0.3076859 0.0347626 0.1779125 0.1151258 0.0538538 0.3669215 0.9215283
1341846463.770159 -0.3106343 0.0376244 0.1709577 0.1177974 0.0528693 0.3774865 0.9169692
1341846463.804734 -0.3092942 0.0400751 0.1686023 0.1182071 0.0535779 0.3875544 0.9126654
1341846463.836811 -0.3091004 0.0400504 0.1675667 0.1178138 0.0567800 0.3977146 0.9081405
1341846463.902572 -0.3088453 0.0406893 0.1670149 0.1172108 0.0628817 0.4202474 0.8976077
1341846463.938656 -0.3057380 0.0421720 0.1696449 0.1198834 0.0654389 0.4332298 0.8908747
1341846464.006721 -0.3139501 0.0452822 0.1612339 0.1221633 0.0692109 0.4571413 0.8782414
1341846464.138960 -0.3200967 0.0596891 0.1742930 0.1193767 0.0792543 0.5078639 0.8494364
1341846464.270037 -0.3206053 0.0694372 0.1767570 0.1246575 0.0993276 0.5725225 0.8042465
1341846464.337963 -0.2967825 0.0674264 0.1672901 0.1288612 0.1069185 0.5983985 0.7835065
1341846464.506083 -0.3189715 0.0846479 0.1779739 0.1594632 0.1387150 0.6391301 0.7394879
1341846464.538050 -0.3260198 0.0911020 0.1687874 0.1561845 0.1427477 0.6436396 0.7354982
1341846464.873987 -0.3215431 0.1108267 0.1783752 0.1037441 0.1625299 0.6835350 0.7039894
1341846465.346076 -0.3601030 0.1189022 0.1729740 0.0574329 0.1327855 0.6912883 0.7079477
1341846465.913915 -0.3531224 0.1207509 0.1602768 0.0482109 0.1028001 0.5300227 0.8403474
1341846466.227775 -0.3786044 0.1136608 0.1494745 0.0269686 0.0812684 0.4194736 0.9037201
1341846466.617891 -0.3584864 0.1219839 0.1692888 0.0348501 0.0825058 0.2734835 0.9576978
1341846467.322189 -0.3093466 0.1426809 0.2009205 -0.0247904 0.0499612 0.0351473 0.9978247
1341846467.422206 -0.2890961 0.1378961 0.1938009 -0.0280853 0.0281039 0.0108302 0.9991517
1341846467.490150 -0.2837749 0.1282525 0.1836215 -0.0181834 0.0139327 0.0040054 0.9997296
1341846467.558053 -0.2672267 0.1238741 0.1612946 -0.0024318 0.0027705 -0.0005099 0.9999931
1341846467.622077 -0.2588866 0.1164746 0.1447090 0.0160234 -0.0089440 0.0009656 0.9998312
1341846467.658139 -0.2436316 0.1104538 0.1336870 0.0276303 -0.0154821 0.0071189 0.9994730
1341846467.690047 -0.2478651 0.1148970 0.1394016 0.0411976 -0.0198097 0.0146390 0.9988474
1341846467.721985 -0.2286140 0.1352242 0.1353664 0.0547225 -0.0319727 0.0214232 0.9977596
1341846467.758049 -0.2218667 0.1415594 0.1188797 0.0588029 -0.0398275 0.0250081 0.9971613
1341846467.789943 -0.2121490 0.1550074 0.0956746 0.0594995 -0.0456918 0.0259744 0.9968438
1341846467.826009 -0.2067899 0.1666318 0.0959624 0.0561357 -0.0514904 0.0256370 0.9967649
1341846467.858121 -0.1940456 0.1576212 0.0980078 0.0523475 -0.0600223 0.0279185 0.9964324
1341846467.890215 -0.1797265 0.1594127 0.0899278 0.0533177 -0.0662144 0.0305731 0.9959107
1341846467.926038 -0.1678642 0.1645768 0.0782240 0.0536290 -0.0693224 0.0286374 0.9957401
1341846467.957994 -0.1612586 0.1636185 0.0731313 0.0522655 -0.0708706 0.0268352 0.9957538
1341846467.990124 -0.1529956 0.1709928 0.0577246 0.0515917 -0.0739885 0.0261039 0.9955816
1341846468.026228 -0.1461030 0.1918627 0.0460246 0.0473589 -0.0755561 0.0256143 0.9956869
1341846468.058002 -0.1330874 0.1807570 0.0360763 0.0386078 -0.0754361 0.0230631 0.9961360
1341846468.094305 -0.1312464 0.1863405 0.0322903 0.0336293 -0.0736405 0.0217530 0.9964803
1341846468.126042 -0.1263048 0.1955673 0.0238283 0.0269043 -0.0746493 0.0255845 0.9965185
1341846468.158486 -0.1130753 0.2106369 0.0313442 0.0190541 -0.0748292 0.0270356 0.9966477
1341846468.194517 -0.0938039 0.2154439 0.0344630 0.0084912 -0.0709247 0.0235660 0.9971671
1341846468.226561 -0.0850133 0.2193792 0.0271293 -0.0050679 -0.0652091 0.0182379 0.9976921
1341846468.258171 -0.0799807 0.2126414 0.0250987 -0.0179163 -0.0600505 0.0115591 0.9979676
1341846468.309995 -0.0497921 0.2208004 0.0188170 -0.0245243 -0.0568790 0.0083132 0.9980452
1341846468.335863 -0.0421476 0.2143357 0.0095711 -0.0331561 -0.0480720 0.0029028 0.9982892
1341846468.494284 -0.0446098 0.2030686 -0.0085745 -0.0508042 -0.0276509 0.0053073 0.9983117
1341846468.694446 -0.0134749 0.2029216 -0.0085531 -0.0511789 -0.0173450 0.0040891 0.9985305
1341846468.797962 -0.0089570 0.1961673 -0.0171848 -0.0425144 -0.0148221 0.0062238 0.9989665
1341846468.930161 0.0007117 0.1937277 -0.0219330 -0.0344120 -0.0092649 0.0054976 0.9993497
1341846469.131076 0.0066008 0.1959696 -0.0161220 -0.0264967 -0.0077392 0.0127297 0.9995379
1341846469.339987 0.0182383 0.1916104 -0.0143620 -0.0209694 -0.0031924 0.0129478 0.9996912
1341846469.434042 0.0228998 0.1952622 -0.0153470 -0.0231668 0.0023059 0.0101475 0.9996775
1341846469.502529 0.0175073 0.2015352 -0.0216788 -0.0248469 0.0041936 0.0119556 0.9996110
1341846469.667242 0.0271852 0.1996268 -0.0239035 -0.0323982 0.0100557 0.0072426 0.9993982
1341846469.902171 0.0284784 0.1937438 -0.0285714 -0.0329491 0.0189538 0.0082730 0.9992431
1341846469.969991 0.0320498 0.1918407 -0.0281185 -0.0298574 0.0197084 0.0102079 0.9993077
1341846470.038184 0.0307016 0.1890790 -0.0285241 -0.0276172 0.0227218 0.0131223 0.9992741
1341846470.107943 0.0389131 0.1844525 -0.0323636 -0.0238611 0.0250059 0.0164187 0.9992676
1341846470.238185 0.0421929 0.1787990 -0.0394367 -0.0099961 0.0306857 0.0246690 0.9991747
1341846470.269875 0.0418386 0.1747755 -0.0421556 -0.0070151 0.0298119 0.0284554 0.9991258
