1341846313.592026 0.000000000 0.000000000 0.000000000 -0.000000000 -0.000000000 -0.000000000 1.000000000
1341846313.654184 0.005871239 -0.002588297 -0.001824558 -0.001132813 -0.003099815 0.005079354 0.999981701
1341846313.686156 0.014321403 -0.001113095 0.001625135 0.000084295 -0.005615912 0.004251207 0.999975204
1341846313.721918 0.020633675 0.001388323 -0.005076219 0.000317187 -0.006649675 0.004847089 0.999966085
1341846313.753994 0.029090149 -0.000168451 -0.002525291 -0.000437514 -0.007535987 0.006044375 0.999953270
1341846313.789969 0.034445118 -0.001011735 -0.000679522 0.000539763 -0.007971041 0.005216727 0.999954522
1341846313.822075 0.044308070 0.010018772 -0.000122989 0.002199679 -0.008009114 0.003897376 0.999957919
1341846313.853928 0.051776137 0.002858392 0.002262602 0.000262135 -0.005738154 0.003368505 0.999977827
1341846313.890011 0.049104054 0.006381728 -0.006243960 0.000557845 -0.002489723 0.004086618 0.999988437
1341846313.922055 0.065814182 0.013695515 -0.002659689 -0.000539384 -0.004155485 0.005789009 0.999974489
1341846313.957927 0.085623585 0.009125624 0.014354694 -0.002817786 -0.002030141 0.005988349 0.999976039
1341846313.990058 0.056164701 0.007733027 0.007885611 -0.004181526 0.009919241 0.006374299 0.999921799
1341846314.022042 0.089645505 0.015123632 -0.002417553 -0.006012705 0.006890974 0.009430402 0.999913692
1341846314.057816 0.110827245 0.011440681 -0.001170203 -0.009821828 0.007699032 0.011638573 0.999854445
1341846314.089801 0.115977794 0.008152044 0.006548827 -0.009226039 0.013075068 0.011193173 0.999809325
1341846314.122037 0.122414984 0.021025974 0.000765321 -0.009767711 0.016615177 0.015595688 0.999692619
1341846314.157989 0.125627697 0.015991639 0.010486857 -0.012397823 0.020297101 0.015129611 0.999602675
1341846314.190094 0.133231208 0.021338047 0.009489344 -0.011585782 0.023779077 0.017160997 0.999502838
1341846314.225969 0.141028523 0.021610998 0.003489521 -0.014392771 0.025316369 0.020791247 0.999359667
1341846314.257923 0.142863736 0.020751785 0.013789815 -0.015807675 0.027468445 0.020009784 0.999297380
1341846314.290052 0.142206579 0.023009218 0.011690165 -0.014292805 0.029690268 0.018428976 0.999287069
1341846314.325981 0.152333096 0.033467192 0.012920049 -0.013838913 0.030154305 0.017446011 0.999297202
1341846314.357905 0.163059503 0.020652255 0.012892069 -0.016269986 0.032463148 0.015820101 0.999215305
1341846314.389899 0.163394973 0.013546671 -0.001690723 -0.015618916 0.035624053 0.014744719 0.999134421
1341846314.427905 0.165132433 0.019709773 -0.009658930 -0.015019820 0.038446620 0.011494737 0.999081671
1341846314.493987 0.177519500 0.016535383 0.003158490 -0.013747358 0.047322374 0.003884054 0.998777568
1341846314.526085 0.186444953 0.023060257 0.002903577 -0.013000838 0.048871990 0.001873624 0.998718739
1341846314.558292 0.190224186 0.024774492 0.007901009 -0.013903717 0.052346718 0.001506967 0.998531044
1341846314.594085 0.208707929 0.012265428 0.002176483 -0.014196591 0.054876827 0.002879234 0.998388112
1341846314.626096 0.205778509 0.022890450 0.002153506 -0.012645237 0.059926618 0.003686034 0.998115897
1341846314.658455 0.205863297 0.027036687 0.000031291 -0.013923819 0.062662967 0.001595421 0.997936428
1341846314.694004 0.223986149 0.012081293 0.000734953 -0.015518278 0.064734414 0.001627783 0.997780561
1341846314.725910 0.218378216 0.008700369 0.001894196 -0.011743098 0.068999805 0.005250803 0.997533798
1341846314.761942 0.219491124 0.011834666 0.000109538 -0.007771826 0.069660075 0.008848493 0.997501254
1341846314.794030 0.228895038 0.019713612 -0.000860690 -0.003547061 0.071436405 0.009967250 0.997389138
1341846314.826092 0.240335286 0.023679521 0.002044612 -0.001082577 0.074689530 0.010358066 0.997152448
1341846314.862145 0.254052013 0.014734466 -0.023783330 -0.002303534 0.077170074 0.014177871 0.996914506
1341846314.894072 0.245134220 0.016226284 -0.026766865 -0.002153496 0.083152488 0.014536653 0.996428549
1341846314.925969 0.260123938 0.015345290 -0.024158174 -0.002543161 0.084288292 0.019938413 0.996238708
1341846314.961937 0.264444947 0.027297543 -0.019920995 -0.004175336 0.084827252 0.024524869 0.996085107
1341846314.994564 0.268569231 0.020678813 -0.032456167 -0.008360473 0.085621193 0.023120400 0.996024370
1341846315.029900 0.287410676 0.018819235 -0.025484579 -0.008814200 0.087456457 0.020920482 0.995909691
1341846315.061965 0.296430588 0.021857115 0.011863360 -0.009688132 0.088756472 0.026766952 0.995646536
1341846315.094388 0.296154410 0.021798849 0.012289206 -0.009332504 0.088513173 0.026703535 0.995673358
1341846315.129851 0.300949782 0.024427222 0.013419731 -0.006929008 0.088801689 0.023924988 0.995737851
1341846315.161941 0.311127305 0.040604100 -0.012217959 -0.008504434 0.087354384 0.030185057 0.995683551
1341846315.197984 0.307568461 0.034618743 -0.005140970 -0.015767010 0.086341418 0.025513249 0.995814085
1341846315.230076 0.322102964 0.033724960 -0.005997124 -0.019017635 0.083673544 0.022594530 0.996055484
1341846315.262069 0.315328866 0.029900270 -0.006816713 -0.022473061 0.082627751 0.024555825 0.996024430
1341846315.298000 0.323806226 0.023159450 0.007001732 -0.025066564 0.077622481 0.025652708 0.996337473
1341846315.329931 0.339827359 0.010831077 0.011995913 -0.022529935 0.075068280 0.028319564 0.996521533
1341846315.361981 0.346925437 0.012993543 0.009464776 -0.017366841 0.073939785 0.030646270 0.996640444
1341846315.397962 0.355145186 0.014723964 0.010051369 -0.014281392 0.073761992 0.035311591 0.996548176
1341846315.429923 0.354834557 0.018054545 0.010567147 -0.011137459 0.076392233 0.035692219 0.996376634
1341846315.466047 0.372223675 0.025410265 0.007192114 -0.009608692 0.078023523 0.038625464 0.996156693
1341846315.497883 0.371412724 0.025142783 0.007092129 -0.010599070 0.081459790 0.043480966 0.995671391
1341846315.530008 0.371795267 0.029429115 0.008790405 -0.009792494 0.083147191 0.043484695 0.995539963
1341846315.566108 0.365967005 0.028281031 0.010368268 -0.011189589 0.085640043 0.043218751 0.995325446
1341846315.597986 0.368707865 0.031335432 0.018294908 -0.010682198 0.087005965 0.041840669 0.995271444
1341846315.630109 0.374430388 0.030027313 0.017586967 -0.010884883 0.087541230 0.041293260 0.995245159
1341846315.666042 0.375379294 0.037116420 0.004137646 -0.010824783 0.089181975 0.040781111 0.995121300
1341846315.698114 0.389223576 0.044601735 -0.015200257 -0.015243761 0.090144001 0.040920917 0.994970977
1341846315.733985 0.365024447 0.026894962 0.004422367 -0.020181494 0.096700400 0.040881988 0.994268775
1341846315.766041 0.368577421 0.026314206 0.006733159 -0.019851957 0.093513675 0.042162679 0.994526744
1341846315.798188 0.363524377 0.026637563 0.004015218 -0.020798435 0.093941070 0.039790027 0.994564831
1341846315.834140 0.355691433 0.017906085 0.004437619 -0.020395488 0.097183123 0.037597358 0.994347036
1341846315.866751 0.352048457 0.019061485 0.002428480 -0.017800661 0.098809354 0.036937058 0.994261324
1341846315.898492 0.356908649 0.014292277 0.006002103 -0.017557336 0.097941093 0.038302638 0.994299889
1341846315.936901 0.358923137 0.017596297 0.002524244 -0.013915807 0.099059314 0.036930177 0.994298697
1341846315.966572 0.358736008 0.026506476 0.004988652 -0.008911761 0.099435620 0.036687870 0.994327486
1341846316.034204 0.340579271 0.013242943 0.013291125 -0.007364585 0.101281017 0.035173077 0.994208634
1341846316.066113 0.322482437 0.008930590 0.012080437 -0.005405603 0.102948405 0.033324540 0.994113624
1341846316.101867 0.308136791 0.014888778 0.012822811 -0.003334795 0.103128999 0.034171980 0.994075239
1341846316.134066 0.297676325 0.020231027 0.008871395 -0.003253958 0.100367755 0.030244423 0.994485378
1341846316.202049 0.284512550 0.005782144 0.004695673 -0.004595752 0.095925599 0.027201109 0.995006204
1341846316.233979 0.290949434 0.012757814 0.008978402 -0.003540043 0.093311109 0.026360514 0.995281696
1341846316.270052 0.289654613 0.014575884 0.007953825 -0.004549107 0.093660668 0.023323305 0.995320618
1341846316.301915 0.281303972 0.009097493 0.013068594 -0.004668499 0.095103346 0.020934762 0.995236278
1341846316.334208 0.274017990 0.009066759 0.026510943 -0.003157939 0.094685614 0.023574451 0.995223105
1341846316.370006 0.269443780 0.004431583 0.025978493 -0.001384374 0.093419053 0.023681516 0.995344281
1341846316.401994 0.263951451 0.004317973 0.010690263 -0.000074917 0.092325017 0.027136173 0.995359123
1341846316.438069 0.262691796 -0.000337818 0.011671182 0.001894283 0.091377333 0.029707914 0.995371342
1341846316.470076 0.264931053 -0.007874905 0.014472616 0.005302075 0.089405984 0.034207027 0.995393574
1341846316.502034 0.229454026 0.008977797 0.001950066 0.009454083 0.090968043 0.031626400 0.995306611
1341846316.537975 0.220064342 0.009075336 -0.001380316 0.006775067 0.088211164 0.028113412 0.995681942
1341846316.570121 0.217826933 -0.004109316 0.009015280 0.005032314 0.087663166 0.026363911 0.995788515
1341846316.601885 0.214642271 -0.007750020 0.003038799 0.006701702 0.086564489 0.025941908 0.995885909
1341846316.638009 0.208429486 -0.013130510 0.005274495 0.008764137 0.085710682 0.027398426 0.995904744
1341846316.669925 0.209683210 -0.011685833 0.009254801 0.011575490 0.083865769 0.028093394 0.996013701
1341846316.705941 0.199282914 -0.020438664 -0.002291622 0.015000273 0.084614024 0.028200870 0.995901763
1341846316.738062 0.178294301 -0.012832764 -0.004054634 0.017766777 0.086016588 0.029688066 0.995692790
1341846316.770433 0.178931296 0.001027770 -0.005210677 0.018580804 0.083467387 0.030675109 0.995864928
1341846316.805932 0.174291387 -0.009529966 -0.003431422 0.018244665 0.083283946 0.030227285 0.995900214
1341846316.838029 0.165033430 -0.005826514 0.001740674 0.019656247 0.082106933 0.032042764 0.995914340
1341846316.870034 0.149890319 -0.004335184 0.013301121 0.020797061 0.079818398 0.032745704 0.996054351
1341846316.906344 0.144216388 -0.004731793 0.007328755 0.021870136 0.076778218 0.032253470 0.996286452
1341846316.937940 0.143322766 -0.002036339 -0.005288382 0.022076238 0.074929744 0.030149126 0.996488452
1341846316.973994 0.129123122 -0.001445625 0.002700370 0.021285815 0.073855609 0.029540753 0.996604085
1341846317.005913 0.127649084 -0.008186034 -0.003177227 0.019414732 0.070243023 0.031697311 0.996837139
1341846317.037936 0.113555744 -0.013026600 0.008900714 0.019360336 0.068837255 0.028771801 0.997025013
1341846317.073972 0.115302905 -0.011038616 0.003499074 0.021090565 0.066285580 0.031515218 0.997079849
1341846317.106113 0.101174884 -0.018116580 -0.008794119 0.022953164 0.065424629 0.034743961 0.996988297
1341846317.137887 0.085458614 -0.021272678 -0.006084880 0.025207985 0.060460895 0.039433956 0.997072756
1341846317.173970 0.081283502 -0.017085021 -0.015626747 0.026926691 0.053603757 0.041131914 0.997351348
1341846317.205887 0.089632072 -0.014389484 -0.005241259 0.027501302 0.048612531 0.043050993 0.997510493
1341846317.248131 0.058935627 -0.018371392 0.016588595 0.028117865 0.049260516 0.041518204 0.997526467
1341846317.306289 0.052924424 -0.011959685 0.018817171 0.030402562 0.042516112 0.046407323 0.997554243
1341846317.348137 0.052317575 -0.017917780 0.014153991 0.030935802 0.043159485 0.047250539 0.997470677
1341846317.410120 0.037452832 -0.011851238 0.014597731 0.033342764 0.042890679 0.053013764 0.997114897
1341846317.442569 0.030980345 -0.019209921 0.011877515 0.035436668 0.043278504 0.055780385 0.996874988
1341846317.474010 0.020134954 -0.021543484 0.016375802 0.040688306 0.044506226 0.057674330 0.996512651
1341846317.509927 0.009218474 -0.006723298 0.016530525 0.044877917 0.041929610 0.062047336 0.996181726
1341846317.542282 0.005764121 -0.010241302 0.008320647 0.043678448 0.039078515 0.063582443 0.996254206
1341846317.573943 0.003697144 -0.016049484 0.001004498 0.043190189 0.039465748 0.061522473 0.996389508
1341846317.610159 -0.009895214 -0.025273042 0.015253964 0.044827718 0.042842120 0.061103035 0.996203542
1341846317.643553 -0.024180535 -0.016067415 0.009201881 0.048347808 0.042250164 0.064903349 0.995823741
1341846317.677993 -0.028897855 -0.013784828 0.016905032 0.049398057 0.038634624 0.066683106 0.995801508
1341846317.709996 -0.040636830 -0.018793276 0.014766588 0.051323105 0.037039842 0.065857016 0.995819747
1341846317.741834 -0.041326366 -0.015777895 0.018717499 0.051757634 0.035210487 0.066822983 0.995799243
1341846317.777923 -0.050558101 -0.013208813 0.026727743 0.050118115 0.034316342 0.065027513 0.996033192
1341846317.810021 -0.059159305 -0.017831977 0.032376681 0.049443681 0.033050809 0.063595712 0.996202052
1341846317.841886 -0.073089525 -0.009161026 0.019118529 0.049716014 0.032619264 0.060918719 0.996370077
1341846317.878017 -0.078272007 -0.014294657 0.019983493 0.046384741 0.032201689 0.057298377 0.996758997
1341846317.909910 -0.084530398 -0.021000626 0.019065470 0.045148835 0.033623721 0.053976409 0.996954143
1341846317.946031 -0.095861442 -0.019819820 0.020418031 0.046762291 0.034703463 0.054788537 0.996798456
1341846317.978041 -0.103043325 -0.020535232 0.028775992 0.048865683 0.033554822 0.055283755 0.996709585
1341846318.009897 -0.106657892 -0.018787723 0.029986756 0.051372647 0.033749443 0.052785583 0.996712387
1341846318.045949 -0.118214950 -0.010962773 0.027225360 0.052204322 0.035025436 0.051836528 0.996675014
1341846318.078074 -0.139674217 -0.017077548 0.022172751 0.050630312 0.034855999 0.049962085 0.996857822
1341846318.109894 -0.144154564 -0.016755000 0.023086246 0.050775997 0.030299326 0.048460133 0.997073472
1341846318.145957 -0.144801736 -0.016722715 0.017227434 0.049946599 0.027350385 0.046245512 0.997305751
1341846318.178001 -0.148291320 -0.022123292 0.016418077 0.048706636 0.027243497 0.043944843 0.997473955
1341846318.214074 -0.166539371 -0.024056273 0.022587527 0.049151130 0.026285741 0.041770525 0.997571290
1341846318.245970 -0.186633080 -0.033636995 0.003329799 0.051300433 0.021647366 0.043299466 0.997509301
1341846318.278018 -0.185654253 -0.023822431 0.004573715 0.056809619 0.015875563 0.045355801 0.997227907
1341846318.313937 -0.206573814 -0.027802465 0.017441792 0.057642486 0.011941513 0.041616186 0.997398019
1341846318.345989 -0.210717067 -0.029725101 0.017816296 0.059567980 0.002340212 0.041849822 0.997343898
1341846318.382046 -0.215965778 -0.026846837 0.026069675 0.062354051 -0.004639959 0.041742131 0.997170031
1341846318.414072 -0.222843826 -0.032480482 0.018365137 0.062418051 -0.010975719 0.040611103 0.997163117
1341846318.446035 -0.226981118 -0.036758956 0.021413371 0.064544857 -0.017582245 0.041924272 0.996878803
1341846318.482196 -0.234073311 -0.034791842 0.018856404 0.065725401 -0.019348541 0.041307572 0.996794641
1341846318.514144 -0.237501889 -0.027312977 0.035319146 0.066613793 -0.021671025 0.041547716 0.996677935
1341846318.546259 -0.246765807 -0.035413794 0.030835234 0.067356497 -0.022697369 0.039879393 0.996673286
1341846318.582042 -0.253361344 -0.027305307 0.031241721 0.069460861 -0.022435322 0.040684853 0.996502221
1341846318.614115 -0.260791212 -0.028314475 0.027970670 0.069203086 -0.023080777 0.041097529 0.996488452
1341846318.650038 -0.270931333 -0.028549427 0.028196881 0.068691239 -0.023487221 0.037530642 0.996655107
1341846318.682350 -0.279117525 -0.029501462 0.030150097 0.068274736 -0.023674613 0.035878152 0.996740162
1341846318.714063 -0.293276280 -0.030532410 0.024055701 0.067741983 -0.024163192 0.035197970 0.996789038
1341846318.749905 -0.296578467 -0.039179347 0.013991361 0.067957789 -0.024991814 0.037693866 0.996662617
1341846318.782036 -0.313764572 -0.032600146 0.024439836 0.070092075 -0.024549518 0.038233679 0.996505260
1341846318.814121 -0.329069674 -0.030398495 0.027229438 0.070566393 -0.029276758 0.037130345 0.996385813
1341846318.850072 -0.337741464 -0.038662963 0.009899358 0.069944255 -0.035113126 0.036001742 0.996282518
1341846318.883516 -0.353071272 -0.039591514 0.017368751 0.073336571 -0.042838912 0.033609398 0.995819807
1341846318.918047 -0.373194158 -0.034309015 -0.003211030 0.076355703 -0.053676546 0.031367581 0.995140553
1341846318.950044 -0.363421261 -0.048958432 0.006341019 0.077417605 -0.064245597 0.030626172 0.994455159
1341846318.982028 -0.375509918 -0.039900988 0.002618093 0.079744734 -0.067291759 0.026175903 0.994196892
1341846319.018123 -0.398958504 -0.033994257 0.026412515 0.080077022 -0.071263224 0.025446922 0.993912339
1341846319.050745 -0.388335288 -0.053225454 0.023425318 0.079676650 -0.079415508 0.025720883 0.993319333
1341846319.081905 -0.380041391 -0.043442629 0.022024121 0.086260162 -0.080956332 0.024182498 0.992683470
1341846319.117976 -0.402381301 -0.035116572 0.005640591 0.088915922 -0.079296462 0.028390365 0.992471695
1341846319.150093 -0.418072164 -0.043530449 -0.000433407 0.089987844 -0.082651354 0.036003150 0.991854191
1341846319.186069 -0.407078177 -0.026705779 0.005346779 0.092775941 -0.085239269 0.036611345 0.991355896
1341846319.218149 -0.410611838 -0.010664674 0.012351238 0.090820566 -0.080351576 0.034137681 0.992033243
1341846319.250034 -0.434431911 -0.011766236 0.002154183 0.085108966 -0.072631881 0.032535128 0.993188083
1341846319.286594 -0.433106363 -0.026387978 0.017519211 0.081568465 -0.070808664 0.038030121 0.993421555
1341846319.318034 -0.441940218 -0.027529161 0.014141212 0.082221664 -0.069881164 0.040617172 0.993331015
1341846319.350268 -0.443896323 -0.023318363 0.015644159 0.082998864 -0.069877550 0.047351517 0.992968380
1341846319.386163 -0.465003371 -0.028555591 0.002475047 0.084577717 -0.073214114 0.054904684 0.992205560
1341846319.418386 -0.469605982 -0.028238721 -0.019745693 0.085567161 -0.078150682 0.055240396 0.991725385
1341846319.453961 -0.472342849 -0.021681508 -0.010322644 0.086715698 -0.080338135 0.051338136 0.991660535
1341846319.486271 -0.486560851 -0.021783864 -0.013016116 0.085717663 -0.079968557 0.050382286 0.991826177
1341846319.554083 -0.500934124 -0.024471875 -0.002407308 0.080457814 -0.086590074 0.049112849 0.991774499
1341846319.586296 -0.516121149 -0.025756113 -0.005805219 0.080791444 -0.085380137 0.045312058 0.992033243
1341846319.622031 -0.533398688 -0.030424956 -0.015587321 0.079275697 -0.088421471 0.042252842 0.992024064
1341846319.653962 -0.538905680 -0.031532656 -0.008237086 0.078220971 -0.093495369 0.041355681 0.991680324
1341846319.686352 -0.544867992 -0.032184832 -0.005997634 0.079950437 -0.097292475 0.042464893 0.991130173
1341846319.721992 -0.551968336 -0.028411694 -0.012635460 0.080836400 -0.101253964 0.043290351 0.990625620
1341846319.754063 -0.559356689 -0.013259350 -0.021060627 0.078790277 -0.103183679 0.042470325 0.990626812
1341846319.786397 -0.558066666 -0.017175246 -0.003448363 0.074034125 -0.104062952 0.046762142 0.990708470
1341846319.822008 -0.562762201 -0.024139464 -0.007215209 0.070226513 -0.105334528 0.051600240 0.990611076
1341846319.853917 -0.554582536 -0.022918463 0.000811639 0.065414347 -0.107275836 0.055322431 0.990531385
1341846319.889942 -0.569424510 -0.035597671 0.000751470 0.061391462 -0.107402854 0.060922481 0.990446508
1341846319.922039 -0.570447624 -0.043722078 0.010398290 0.060454842 -0.112005666 0.063315704 0.989843965
1341846319.953946 -0.563994527 -0.044015996 0.024034720 0.061237849 -0.119241364 0.059605233 0.989180863
1341846319.990054 -0.571608782 -0.041939065 0.003571547 0.064176671 -0.121447362 0.051866446 0.989162207
1341846320.028122 -0.573511243 -0.043334693 0.003514111 0.066165671 -0.125100136 0.051557742 0.988591909
1341846320.090047 -0.555423200 -0.026259702 0.013955055 0.072906725 -0.133462653 0.051214218 0.987040758
1341846320.122011 -0.547318280 -0.025017606 0.011506897 0.073582232 -0.131374791 0.052108064 0.987223983
1341846320.157952 -0.548039556 -0.033547707 0.012664098 0.073096432 -0.128068000 0.052537944 0.987671673
1341846320.190003 -0.537860453 -0.035628971 0.013899365 0.076020315 -0.124685101 0.050517045 0.987989187
1341846320.221941 -0.534672379 -0.039988529 0.018753564 0.079536989 -0.120974720 0.051305532 0.988132954
1341846320.258015 -0.525003314 -0.046269134 0.016189832 0.083022557 -0.120259397 0.054122694 0.987783253
1341846320.289887 -0.509739041 -0.055654664 0.030508256 0.088226393 -0.122071318 0.055643436 0.987025082
1341846320.321954 -0.501728535 -0.048149452 0.023426728 0.097686864 -0.122977450 0.053313188 0.986149907
1341846320.357890 -0.490809470 -0.036803223 0.036813978 0.103509888 -0.122893550 0.056070808 0.985413074
1341846320.390064 -0.477000654 -0.036086090 0.028248848 0.105175674 -0.119189993 0.055227131 0.985739231
1341846320.426544 -0.446199059 -0.041987315 0.050493944 0.107281320 -0.113755412 0.053511746 0.986248970
1341846320.458122 -0.449678719 -0.032973040 0.063129060 0.108887523 -0.105084933 0.049572535 0.987240195
1341846320.490186 -0.432861149 -0.040682092 0.034760904 0.112147175 -0.097583875 0.049298365 0.987658918
1341846320.525911 -0.403208107 -0.040926330 0.031536974 0.114956975 -0.091191106 0.048728276 0.987975061
1341846320.558091 -0.401768357 -0.037069242 0.021612165 0.116377056 -0.087200329 0.044598471 0.988364041
1341846320.594093 -0.376052499 -0.041128691 0.053998381 0.117465965 -0.083588690 0.041572783 0.988679171
1341846320.631955 -0.374855399 -0.033781223 0.034837496 0.120764159 -0.074819677 0.039834507 0.989055812
1341846320.664916 -0.361247063 -0.031869628 0.033122957 0.120606072 -0.073172972 0.038454846 0.989252806
1341846320.699927 -0.345087469 -0.036824968 0.033567887 0.120371953 -0.069841035 0.036684766 0.989589393
1341846320.731822 -0.329461396 -0.036726400 0.021715900 0.122066006 -0.063223876 0.036176071 0.989845395
1341846320.763877 -0.335593939 -0.011654352 0.019358503 0.120775230 -0.061339896 0.037228048 0.990083277
1341846320.799999 -0.319731712 -0.034380462 0.012436313 0.112635031 -0.063229360 0.032204963 0.991099536
1341846320.831871 -0.307379752 -0.027128035 -0.036348663 0.116056032 -0.049109045 0.024705697 0.991720200
1341846320.863887 -0.308840185 -0.026954126 0.012320452 0.113393731 -0.042702381 0.028699400 0.992217124
1341846320.900014 -0.298273027 -0.037455644 0.015048179 0.105836384 -0.048283268 0.034120571 0.992624402
1341846320.931889 -0.270260245 -0.050552726 0.011832130 0.106161624 -0.049205489 0.033114895 0.992578506
1341846320.967866 -0.270369202 -0.014891926 0.022177620 0.108078197 -0.042961940 0.029136987 0.992786229
1341846321.000017 -0.268449098 -0.019523352 0.023354363 0.101764984 -0.042568393 0.027563836 0.993515074
1341846321.031860 -0.248264909 -0.032019041 0.024122566 0.099000432 -0.042634223 0.025582237 0.993844509
1341846321.068047 -0.239097744 -0.024161611 0.021242833 0.099840574 -0.039345153 0.023028608 0.993958533
1341846321.099840 -0.238361523 -0.026057899 0.015165929 0.097181842 -0.037586715 0.023474216 0.994279623
1341846321.131821 -0.211528882 -0.034319833 0.028081302 0.097158670 -0.037248518 0.024741739 0.994263887
1341846321.167887 -0.208162785 -0.035018362 0.017477715 0.099687733 -0.032825127 0.025915015 0.994139493
1341846321.200042 -0.207461029 -0.029911814 0.016556647 0.100361541 -0.029704530 0.025340775 0.994184613
1341846321.231950 -0.194204450 -0.036819220 0.023781961 0.099401392 -0.029121142 0.024419919 0.994321406
1341846321.267939 -0.176838398 -0.034508593 0.011481372 0.099803790 -0.027600223 0.019625124 0.994430661
1341846321.299948 -0.165671706 -0.036208894 0.024484616 0.098416030 -0.023473963 0.014200335 0.994767129
1341846321.331858 -0.168869138 -0.038605426 0.022091966 0.098675095 -0.019874185 0.009858662 0.994872391
1341846321.367913 -0.147335082 -0.045534473 0.015950818 0.099589787 -0.018105134 0.005271165 0.994849920
1341846321.399897 -0.140720800 -0.042260636 0.013254758 0.101458989 -0.013020497 0.004581160 0.994744003
1341846321.435994 -0.138992190 -0.045628905 0.024748156 0.102966443 -0.009282233 0.003887127 0.994633973
1341846321.467946 -0.123720892 -0.043773971 0.027679851 0.104952589 -0.007459871 0.004762212 0.994437873
1341846321.499882 -0.116582371 -0.042610720 0.027398963 0.106443167 -0.004280338 0.005382371 0.994295061
1341846321.536109 -0.089487702 -0.031227836 0.019505382 0.106662385 -0.000202399 0.002706279 0.994291604
1341846321.568960 -0.103085950 -0.026874578 0.031035017 0.103646077 0.007936147 -0.000358013 0.994582534
1341846321.603938 -0.095048897 -0.034594309 0.022743968 0.099757023 0.010082149 -0.000096542 0.994960785
1341846321.637163 -0.060289968 -0.023985533 0.005342722 0.098100983 0.012785369 -0.000024809 0.995094419
1341846321.668306 -0.070914142 -0.023826955 0.030882252 0.093500346 0.023214944 0.002284648 0.995345950
1341846321.704411 -0.089651659 -0.025551936 0.042439040 0.090331063 0.026338289 0.009553911 0.995517671
1341846321.736861 -0.077705659 -0.026054112 0.039462980 0.089128479 0.023164956 0.017898466 0.995589912
1341846321.771881 -0.059676025 -0.006165509 0.040911794 0.087984726 0.022112722 0.023438303 0.995600522
1341846321.804114 -0.050370883 -0.011697547 0.045324761 0.083230071 0.024110693 0.026254078 0.995892704
1341846321.836152 -0.053053673 -0.009120402 0.046110846 0.080219112 0.027330650 0.026158215 0.996059060
1341846321.871882 -0.051035807 -0.002243579 0.045756511 0.075423308 0.028657917 0.023549141 0.996461511
1341846321.904074 -0.041318569 -0.005939618 0.045146480 0.068626583 0.029424746 0.020960612 0.996988118
1341846321.939847 -0.038438179 -0.013100176 0.047556762 0.064016394 0.032416385 0.018199269 0.997256160
1341846322.004094 -0.047569703 -0.014713943 0.052502155 0.057285685 0.031255241 0.017423118 0.997716427
1341846322.066178 -0.025714787 -0.020888967 0.048953790 0.052504301 0.034937765 0.014959755 0.997897267
1341846322.107979 -0.030552344 -0.038262255 0.053567506 0.049357966 0.037313040 0.013501716 0.997992635
1341846322.166164 -0.030942634 -0.058801461 0.053128365 0.052303966 0.037086088 0.013692474 0.997848392
1341846322.202932 -0.028122837 -0.062808454 0.052375473 0.053700317 0.034668133 0.014067324 0.997855961
1341846322.234093 -0.030190889 -0.065690480 0.049392954 0.052618686 0.033580981 0.011743500 0.997980893
1341846322.265941 -0.030546285 -0.073803946 0.049442530 0.050303735 0.030586973 0.012374801 0.998188853
1341846322.301996 -0.020302771 -0.090673722 0.050420556 0.047916062 0.028077921 0.013486762 0.998365581
1341846322.333949 -0.031212276 -0.104428247 0.046746720 0.046928354 0.027131042 0.012764286 0.998448193
1341846322.369871 -0.020006884 -0.117744461 0.050386876 0.047678117 0.021013247 0.009734527 0.998594344
1341846322.402292 -0.005629263 -0.133193120 0.049967151 0.049307916 0.021503311 0.003480951 0.998546124
1341846322.433955 -0.021132099 -0.160092771 0.060726717 0.053472206 0.024776531 -0.002022458 0.998259902
1341846322.470030 -0.021560283 -0.158057302 0.068116985 0.062616386 0.020397054 0.001805476 0.997827590
1341846322.502433 -0.010822699 -0.176149398 0.057035960 0.068370193 0.016485915 0.005453408 0.997508883
1341846322.534002 -0.008325507 -0.191330716 0.054819800 0.076481633 0.016492903 0.005720954 0.996918201
1341846322.570196 -0.006787855 -0.203490064 0.059621193 0.085994653 0.015946401 0.009280027 0.996124744
1341846322.601920 -0.005524261 -0.213041872 0.049338795 0.091281436 0.012535993 0.013495549 0.995654821
1341846322.638119 -0.001819430 -0.220131963 0.063869998 0.097533718 0.009686979 0.011601700 0.995117486
1341846322.669947 0.009990081 -0.224602103 0.063126557 0.102619447 0.012296339 0.010871002 0.994585335
1341846322.702026 -0.005436030 -0.238732070 0.062513985 0.105175562 0.015335211 0.012263174 0.994259894
1341846322.738006 0.000619046 -0.234725222 0.065092616 0.106944144 0.011777193 0.014315634 0.994092226
1341846322.770087 0.010710259 -0.256736606 0.067322686 0.106249809 0.011962479 0.014274706 0.994165063
1341846322.806047 -0.000840936 -0.266981840 0.067441821 0.109919079 0.012520581 0.015882175 0.993734837
1341846322.838063 -0.004904393 -0.271684140 0.070992246 0.111945316 0.008138484 0.018053215 0.993517041
1341846322.870081 -0.002936610 -0.290909350 0.074538328 0.113634229 0.003318728 0.019096714 0.993333578
1341846322.906018 0.015762741 -0.290863186 0.077911735 0.118739344 0.000677825 0.018898163 0.992745399
1341846322.938349 0.009986422 -0.270802647 0.086180151 0.120766863 0.002110593 0.019945603 0.992478311
1341846322.970069 0.015799828 -0.282480508 0.076204926 0.115014210 0.001370631 0.022277122 0.993113041
1341846323.011820 0.019112168 -0.295642227 0.082649991 0.112382233 0.001578957 0.022677537 0.993404984
1341846323.073951 0.018192798 -0.298042357 0.082905680 0.109628476 0.001426880 0.027001953 0.993604779
1341846323.105962 0.019144095 -0.312798172 0.087296054 0.106709555 0.001498536 0.026818624 0.993927360
1341846323.138158 0.020858308 -0.321599454 0.083477974 0.106656037 0.001498137 0.022513537 0.994039953
1341846323.174092 0.020164566 -0.323384047 0.082234442 0.104484677 0.001039437 0.021953529 0.994283617
1341846323.206059 0.027089186 -0.326837331 0.081784442 0.101873919 0.000081528 0.019970192 0.994596899
1341846323.238053 0.031283084 -0.327840626 0.083178550 0.099545568 0.002891870 0.018026926 0.994865537
1341846323.273997 0.009756980 -0.329310775 0.083068237 0.095619962 0.004364984 0.018572122 0.995235085
1341846323.305946 0.018821357 -0.341089010 0.084992677 0.089963846 -0.000142261 0.019723369 0.995749712
1341846323.342027 0.044565279 -0.357589483 0.089621954 0.087609388 -0.000002160 0.018169519 0.995989203
1341846323.374048 0.021547588 -0.363772988 0.091109671 0.088036835 0.005029000 0.019253073 0.995918453
1341846323.405987 0.007309127 -0.375798494 0.076849893 0.087766826 0.001546170 0.024220185 0.995845377
1341846323.441956 0.021840399 -0.386266768 0.091683134 0.088883683 -0.003365951 0.026576309 0.995681763
1341846323.473878 0.026642215 -0.396431863 0.091510616 0.092997842 -0.002157343 0.024694832 0.995357752
1341846323.506129 0.018593317 -0.385609537 0.092014447 0.096094556 -0.001777515 0.021848844 0.995130777
1341846323.541972 0.028180886 -0.389401823 0.091162495 0.094478026 -0.002536182 0.020239642 0.995317936
1341846323.573913 0.047347344 -0.404400378 0.082334191 0.093530893 0.000865299 0.014728664 0.995507061
1341846323.609927 0.031313583 -0.398539752 0.091708489 0.094847433 0.007868219 0.010997921 0.995400012
1341846323.642014 0.017620245 -0.409264266 0.093124963 0.093608201 0.010331488 0.011552129 0.995488524
1341846323.674081 0.022734575 -0.429131478 0.083201349 0.092604086 0.008051902 0.014208392 0.995569110
1341846323.710069 0.021903463 -0.444961905 0.085170530 0.093974732 0.006837631 0.017864829 0.995390832
1341846323.742111 0.021048672 -0.457708716 0.083184570 0.098263241 0.004967013 0.018610947 0.994974017
1341846323.774928 0.023410972 -0.453730494 0.081227958 0.101812981 0.002587404 0.016441979 0.994664311
1341846323.810012 0.024399931 -0.457087964 0.083728977 0.103185907 0.001326798 0.012957109 0.994576871
1341846323.842207 0.029271262 -0.463202119 0.076688915 0.104406461 0.001270142 0.008283757 0.994499445
1341846323.878019 0.024242135 -0.475597501 0.072639823 0.104934879 0.000711726 0.003964819 0.994471014
1341846323.909826 0.021563595 -0.484034151 0.067216173 0.108482897 -0.000478416 -0.001486896 0.994097114
1341846323.942459 0.020282328 -0.483703762 0.063257694 0.112382099 -0.000523517 -0.001822459 0.993663311
1341846323.978055 0.012390430 -0.488781899 0.065533452 0.114586897 -0.002878334 -0.000240183 0.993409097
1341846324.015934 0.021834489 -0.487392098 0.069819212 0.118659295 -0.005690516 -0.000326099 0.992918730
1341846324.047722 0.027208699 -0.483187586 0.059391126 0.121837877 -0.004462601 -0.001459255 0.992538929
1341846324.083904 0.022776974 -0.467380553 0.062790543 0.123017371 -0.002558946 -0.002648339 0.992397726
1341846324.115968 0.023857601 -0.467607528 0.059316561 0.120474204 -0.000904701 -0.004116170 0.992707551
1341846324.151967 0.029661655 -0.467116863 0.059088409 0.119634725 0.001611073 -0.008853437 0.992777228
1341846324.183941 0.021412166 -0.450963587 0.063743494 0.117573358 0.006382972 -0.012783170 0.992961407
1341846324.219984 0.021702446 -0.444547266 0.065347366 0.113267273 0.007790815 -0.010849329 0.993474841
1341846324.251968 0.016224371 -0.442827284 0.069642752 0.112789437 0.008186574 -0.011469580 0.993519068
1341846324.284052 0.015126282 -0.434462041 0.078393221 0.112857625 0.007244064 -0.010977303 0.993524134
1341846324.319880 0.007231659 -0.415065914 0.079030357 0.112393767 0.004190014 -0.011577482 0.993587434
1341846324.351917 0.013391482 -0.400128901 0.075379878 0.109188251 0.000649838 -0.013063268 0.993935049
1341846324.388001 0.025644524 -0.396282494 0.066830590 0.104330845 0.000122546 -0.017145982 0.994394839
1341846324.419908 0.019096864 -0.382363975 0.081099898 0.100111976 0.002449301 -0.018860273 0.994794428
1341846324.452027 0.013200051 -0.379844934 0.091142267 0.095477946 0.002883324 -0.019265760 0.995240927
1341846324.487928 0.009958979 -0.374136537 0.091799028 0.093741938 0.002632762 -0.016922530 0.995449305
1341846324.519985 -0.003841149 -0.359850705 0.092182167 0.092998698 0.001303526 -0.012733239 0.995583951
1341846324.556001 0.000675662 -0.344475031 0.088707484 0.091527462 -0.004013590 -0.008527664 0.995757997
1341846324.587888 0.000778133 -0.330843419 0.093093142 0.088356256 -0.006932977 -0.006876253 0.996041119
1341846324.620086 0.004402183 -0.327906162 0.085711136 0.085475653 -0.009758533 -0.008694327 0.996254563
1341846324.655955 0.008854149 -0.313711613 0.088367045 0.084637202 -0.011069752 -0.009750639 0.996302664
1341846324.688082 0.004472754 -0.311679035 0.092864819 0.083658300 -0.010658421 -0.008878872 0.996397913
1341846324.755922 -0.009243045 -0.277093768 0.088319317 0.085610181 -0.013412220 -0.005089252 0.996225476
1341846324.814016 0.006406962 -0.239265010 0.091422811 0.080972135 -0.019787598 -0.008397724 0.996484578
1341846324.849979 -0.003993832 -0.233121574 0.101287037 0.075105518 -0.016187754 -0.010597485 0.996987879
1341846324.881924 -0.012569831 -0.228294462 0.104489617 0.072240420 -0.016953135 -0.010596170 0.997186840
1341846324.913902 -0.005168415 -0.220304117 0.102949664 0.071131721 -0.018938782 -0.007279187 0.997260571
1341846324.949999 -0.008673001 -0.229892597 0.103161320 0.070414312 -0.018986188 -0.004060000 0.997328937
1341846324.981922 -0.020621210 -0.222571835 0.105014548 0.074864022 -0.020787811 -0.000793319 0.996976733
1341846325.018013 -0.020918183 -0.209784701 0.101419248 0.079412133 -0.025728071 0.001769269 0.996508241
1341846325.050079 -0.027370412 -0.193710878 0.098373517 0.081487700 -0.030368228 0.000269002 0.996211588
1341846325.081901 -0.023195093 -0.173387632 0.096777894 0.081232622 -0.035887439 -0.001907986 0.996047020
1341846325.118531 -0.008542513 -0.154102549 0.099325672 0.077710256 -0.038433004 -0.004053425 0.996226668
1341846325.149933 -0.010260100 -0.155798748 0.100849018 0.071597509 -0.035992321 -0.005543951 0.996768594
1341846325.181925 -0.014894322 -0.150066823 0.105051428 0.068511255 -0.034766965 -0.003280576 0.997039020
1341846325.218055 -0.014148235 -0.143572420 0.107209995 0.065757282 -0.034699120 0.001160481 0.997231483
1341846325.249811 -0.016444242 -0.136917666 0.108022586 0.063647576 -0.034865942 0.004673797 0.997352242
1341846325.285925 -0.015465149 -0.126108110 0.104432873 0.061182644 -0.035069294 0.007104751 0.997485042
1341846325.317988 -0.001077144 -0.130608335 0.110092230 0.058446039 -0.033506759 0.010371938 0.997674227
1341846325.349844 -0.007200190 -0.133466989 0.116953984 0.061043695 -0.028307430 0.011963024 0.997661889
1341846325.387302 -0.007310598 -0.119890369 0.116117977 0.066170588 -0.025656065 0.014677853 0.997370481
1341846325.417931 0.005904433 -0.112915270 0.124245584 0.068877280 -0.021661192 0.018600123 0.997216582
1341846325.450747 0.009127535 -0.123911239 0.106424160 0.072539523 -0.013054408 0.019741949 0.997084677
1341846325.485954 -0.010025127 -0.103460103 0.117976084 0.081252225 -0.005391834 0.022517417 0.996424615
1341846325.517875 -0.011833210 -0.088619120 0.131217778 0.086325124 -0.002807572 0.024029622 0.995973229
1341846325.553859 -0.011777466 -0.082369566 0.133637086 0.089154124 0.000803269 0.023498820 0.995740354
1341846325.585855 -0.014995962 -0.063992061 0.132306710 0.092073970 0.003774187 0.021881055 0.995504618
1341846325.617990 -0.016139690 -0.044966828 0.126589596 0.089595407 0.005580194 0.020586055 0.995749891
1341846325.653982 -0.018382909 -0.062627234 0.137401342 0.085683227 0.007389667 0.017688476 0.996138036
1341846325.685819 -0.018697521 -0.062216349 0.135637373 0.090677641 0.008787894 0.019302286 0.995654464
1341846325.717857 -0.026425585 -0.048153784 0.144763440 0.095454693 0.010166333 0.026171580 0.995037735
1341846325.754083 -0.029590216 -0.047731653 0.145590603 0.098292015 0.010426320 0.030024296 0.994649947
1341846325.786087 -0.024438350 -0.039749421 0.142254204 0.104944572 0.010592005 0.031226199 0.993931353
1341846325.821856 -0.023846298 -0.019096231 0.142141446 0.109322719 0.012210133 0.033390120 0.993370354
1341846325.853827 -0.033215359 -0.009996161 0.154243767 0.110099524 0.013302520 0.036093790 0.993175983
1341846325.885958 -0.041027866 -0.002962642 0.130055919 0.110039517 0.011215849 0.042058088 0.992973685
1341846325.921984 -0.032833606 0.001534290 0.142289653 0.109058715 0.006478489 0.046875145 0.992908359
1341846325.953899 -0.021557288 0.000529238 0.145139694 0.111516595 0.006181906 0.048895117 0.992539763
1341846325.985823 -0.027922329 0.014448524 0.147284418 0.114465252 0.009434132 0.052997477 0.991967738
1341846326.021991 -0.034829482 0.018265294 0.148235366 0.117503718 0.010151771 0.057692662 0.991343260
1341846326.054055 -0.030390188 0.031691417 0.147746667 0.122809380 0.008885478 0.061784878 0.990465343
1341846326.089984 -0.022872688 0.050529137 0.157894984 0.125995442 0.010096517 0.061536931 0.990068913
1341846326.121822 -0.021574769 0.064803675 0.161092162 0.125753403 0.014239954 0.059846364 0.990152359
1341846326.154079 -0.031211987 0.064856961 0.169079378 0.126202598 0.017244602 0.057487819 0.990187168
1341846326.190178 -0.036480766 0.069388159 0.159841299 0.127986029 0.017180216 0.059215765 0.989857554
1341846326.222162 -0.035280347 0.090040497 0.153651699 0.127719820 0.014846923 0.066401653 0.989473701
1341846326.259181 -0.036996938 0.101379819 0.160145253 0.124736369 0.012459832 0.070009723 0.989638448
1341846326.322766 -0.031988841 0.123391412 0.159453303 0.117500767 0.011931714 0.068903759 0.990607619
1341846326.359773 -0.028614352 0.129798189 0.162893772 0.113583103 0.013141518 0.067097269 0.991173208
1341846326.392109 -0.027775286 0.121196844 0.171033129 0.111450620 0.015044941 0.067873433 0.991335273
1341846326.423985 -0.033873171 0.129629865 0.173181951 0.115912415 0.016259652 0.073044151 0.990436554
1341846326.459869 -0.039807547 0.146074697 0.172294110 0.118527599 0.014171369 0.075993322 0.989937067
1341846326.526163 -0.026602345 0.179854095 0.180437550 0.118827298 0.014980473 0.076835126 0.989824235
1341846326.560211 -0.026288373 0.187498674 0.191430181 0.113555863 0.018587062 0.076809935 0.990383744
1341846326.591828 -0.033508088 0.188792527 0.197008267 0.110418946 0.021278175 0.077124238 0.990659773
1341846326.627027 -0.028868096 0.199339062 0.189662918 0.109860778 0.022616288 0.076795749 0.990717709
1341846326.658442 -0.024070509 0.225247577 0.197044298 0.108899392 0.025590159 0.076178029 0.990799189
1341846326.694856 -0.038622588 0.231107235 0.210904002 0.105239257 0.030674882 0.073906168 0.991222322
1341846326.726206 -0.036008850 0.247403279 0.210396245 0.100097753 0.031274304 0.072538540 0.991836965
1341846326.762753 -0.029230822 0.260809392 0.210321337 0.093935892 0.033320468 0.070720047 0.992504120
1341846326.826821 -0.032316070 0.277966350 0.203242868 0.077854022 0.039084386 0.068229035 0.993859112
1341846326.858887 -0.037937410 0.291499227 0.219142959 0.070272431 0.041207392 0.065182313 0.994542658
1341846326.895360 -0.040682938 0.290966094 0.227570698 0.068296582 0.040411249 0.067070119 0.994587421
1341846326.926897 -0.051413849 0.295465529 0.229533061 0.069638304 0.038359918 0.067374386 0.994555056
1341846326.958888 -0.043383501 0.307074785 0.223535091 0.072073445 0.035445314 0.070452794 0.994276345
1341846326.994594 -0.037939169 0.321873069 0.214703023 0.072937012 0.035309467 0.073313162 0.994011402
1341846327.026301 -0.035332583 0.340348274 0.212631434 0.071617566 0.036243759 0.071445487 0.994209647
1341846327.063945 -0.036243815 0.345145613 0.223692715 0.068291076 0.039095711 0.067689545 0.994598448
1341846327.094662 -0.038008947 0.352043062 0.219723985 0.068011887 0.041319028 0.065901168 0.994647801
1341846327.128901 -0.039112534 0.364515334 0.222972855 0.067237034 0.041316442 0.064993940 0.994760275
1341846327.161940 -0.036990114 0.370870918 0.224098250 0.065736279 0.039834447 0.065190911 0.994908154
1341846327.193867 -0.026404185 0.380353212 0.227513194 0.065194465 0.040100001 0.064394243 0.994984984
1341846327.229885 -0.024303813 0.393822759 0.225740716 0.066469938 0.043001462 0.062881723 0.994876146
1341846327.262014 -0.014035408 0.405947536 0.233336732 0.065826952 0.046930622 0.059265934 0.994963229
1341846327.294023 -0.016535342 0.407384694 0.230409205 0.068789802 0.059957422 0.056082681 0.994247377
1341846327.330015 -0.021444110 0.433668464 0.204650894 0.071502544 0.069694266 0.049768586 0.993757129
1341846327.361939 -0.008217533 0.451589465 0.233907863 0.070072524 0.073983096 0.045610610 0.993748486
1341846327.393887 -0.021641025 0.459323406 0.243297130 0.068368211 0.077546626 0.038236603 0.993906617
1341846327.429966 -0.036278542 0.483979493 0.244785964 0.067134768 0.078704014 0.037805974 0.993916154
1341846327.461965 -0.049687993 0.495105952 0.250776947 0.058154821 0.075852469 0.036865111 0.994738877
1341846327.497931 -0.062096443 0.486787945 0.236201540 0.051046923 0.076227210 0.034846604 0.995173037
1341846327.530068 -0.030798674 0.499068916 0.257448882 0.050124753 0.072178513 0.040945839 0.995289505
1341846327.561895 -0.042509526 0.519867361 0.270965099 0.050804090 0.071027942 0.043371104 0.995235085
1341846327.598010 -0.046611086 0.520456493 0.272493511 0.051365901 0.068171911 0.047899473 0.995198429
1341846327.629945 -0.053264342 0.534080982 0.276406080 0.051190730 0.063814566 0.046781845 0.995549500
1341846327.662003 -0.045806341 0.540159822 0.272710383 0.052329395 0.060057953 0.044064403 0.995847881
1341846327.697919 -0.048339576 0.560867071 0.271976531 0.055331759 0.059502620 0.043353278 0.995750129
1341846327.730075 -0.090530463 0.573544562 0.268049717 0.050275527 0.065859243 0.044741444 0.995556712
1341846327.766017 -0.040715542 0.587013125 0.277626812 0.046063535 0.056685496 0.046618138 0.996238828
1341846327.797917 -0.051587835 0.612177074 0.278387100 0.043401733 0.057541441 0.048047435 0.996241271
1341846327.830054 -0.054263894 0.610036135 0.279516578 0.034760360 0.057584014 0.048521522 0.996554852
1341846327.865944 -0.058443379 0.609415948 0.276888520 0.029450571 0.059886243 0.049346119 0.996549666
1341846327.898010 -0.061416034 0.603762031 0.280322582 0.023611918 0.061154738 0.050355081 0.996577621
1341846327.929991 -0.050292008 0.636981308 0.283683300 0.024057038 0.057784081 0.047710199 0.996898234
1341846327.966065 -0.045544483 0.652143061 0.284314513 0.020733282 0.057159577 0.045391310 0.997117162
1341846327.998073 -0.045190766 0.664357543 0.284723043 0.014796330 0.057940237 0.043483790 0.997262836
1341846328.034045 -0.046838701 0.664584219 0.283046365 0.008030565 0.059291523 0.040777687 0.997375190
1341846328.065993 -0.048958484 0.665843785 0.284716755 0.002409120 0.060182512 0.041145798 0.997336149
1341846328.098045 -0.047596075 0.650734067 0.287127584 -0.000228155 0.060515977 0.042022813 0.997282267
1341846328.133967 -0.047279015 0.652223825 0.287018001 0.003525696 0.058567245 0.046800315 0.997179627
1341846328.166023 -0.050190568 0.645660341 0.282182753 0.002144563 0.055808943 0.047346577 0.997315943
1341846328.198018 -0.051216956 0.634990752 0.280685395 0.002132211 0.053427488 0.043681540 0.997613609
1341846328.234044 -0.057254422 0.616280317 0.279932261 0.003331683 0.053137571 0.043327920 0.997641265
1341846328.265899 -0.055460542 0.608525932 0.276062250 0.005362140 0.050946854 0.044269852 0.997705340
1341846328.302051 -0.052859750 0.587229669 0.271228611 0.007331426 0.050532885 0.044987306 0.997681797
1341846328.333917 -0.047710005 0.577241182 0.270887733 0.011727297 0.049509175 0.048078693 0.997546852
1341846328.366008 -0.058222946 0.554710746 0.276985675 0.016272495 0.050878748 0.044836834 0.997565210
1341846328.402010 -0.062318224 0.532526314 0.272136003 0.028432049 0.053612020 0.048429843 0.996981382
1341846328.433920 -0.080052122 0.523948669 0.266158968 0.032712594 0.054959029 0.046956144 0.996847332
1341846328.470003 -0.044521563 0.494749606 0.257649183 0.031295296 0.048347171 0.039306469 0.997566164
1341846328.502194 -0.069752626 0.494929820 0.269773215 0.037968282 0.054619845 0.031030042 0.997302532
1341846328.534033 -0.050135076 0.436984003 0.250202030 0.031055620 0.054877859 0.028634178 0.997599185
1341846328.570125 -0.050904967 0.416423678 0.250169694 0.032674242 0.055667728 0.029999943 0.997463524
1341846328.602804 -0.036075223 0.388845682 0.239239573 0.037286770 0.046737783 0.039551303 0.997427225
1341846328.672663 -0.030396985 0.355137378 0.246512145 0.047826331 0.033635214 0.034287676 0.997700155
1341846328.702975 -0.018346393 0.341572583 0.237684935 0.050361313 0.029357776 0.033648212 0.997732341
1341846328.770129 -0.021262733 0.314441055 0.234074682 0.059162322 0.028401112 0.025814433 0.997510374
1341846328.802331 -0.018810237 0.296353400 0.236226276 0.059653409 0.024947904 0.026922813 0.997544169
1341846328.838051 -0.016393818 0.278363943 0.228461266 0.063255280 0.023110131 0.023127200 0.997461736
1341846328.869939 -0.014513351 0.283135384 0.222694665 0.064372383 0.021778055 0.022605507 0.997432232
1341846328.904486 -0.019219304 0.262133598 0.218917757 0.059134465 0.019517306 0.022539280 0.997804701
1341846328.939814 -0.006148066 0.230152234 0.220080212 0.060422376 0.015219032 0.022798296 0.997796476
1341846328.970217 -0.001839296 0.232635379 0.216381043 0.065432131 0.013112697 0.026185686 0.997427225
1341846329.006232 -0.000303402 0.217045471 0.214118630 0.065944955 0.010592166 0.030817039 0.997291028
1341846329.038243 0.003853024 0.195321172 0.207099438 0.068641141 0.009830451 0.030712400 0.997120142
1341846329.106125 -0.000656202 0.199084342 0.203164548 0.073415272 0.010072689 0.028270524 0.996849895
1341846329.138340 0.006763493 0.174619511 0.191036969 0.073140927 0.008333247 0.028843774 0.996869624
1341846329.169991 0.007417506 0.175386116 0.182953045 0.075783201 0.007184438 0.027556470 0.996717572
1341846329.208656 0.009983175 0.165785417 0.179706022 0.075930282 0.006113624 0.026853891 0.996732712
1341846329.238169 0.012611322 0.165718809 0.176297098 0.075882040 0.005060813 0.026452266 0.996753037
1341846329.273827 0.014358376 0.150052041 0.180705532 0.073589921 0.003740154 0.027571177 0.996900439
1341846329.306052 0.012842825 0.151522577 0.179506019 0.074873105 0.001579694 0.025491839 0.996865988
1341846329.338104 0.016737718 0.151330769 0.180282131 0.071655825 -0.000230939 0.024004711 0.997140527
1341846329.373907 0.018004796 0.124194562 0.177181751 0.066744626 -0.001111241 0.022279562 0.997520685
1341846329.405985 0.018290466 0.114701539 0.174010426 0.068010814 -0.002435031 0.019114241 0.997498572
1341846329.442057 0.020084642 0.115679696 0.170369282 0.068033651 -0.003231932 0.016201291 0.997546315
1341846329.473950 0.018678891 0.099786252 0.168669045 0.066585533 -0.004378876 0.010280062 0.997718155
1341846329.506147 0.018265111 0.096757978 0.166068897 0.067040995 -0.006315690 0.007666569 0.997700810
1341846329.542121 0.013407975 0.082379162 0.161386505 0.064960815 -0.008670555 0.006639285 0.997828126
1341846329.574086 0.019826567 0.064074315 0.162443727 0.066754691 -0.011581252 0.005732881 0.997685790
1341846329.606387 0.020184243 0.065446056 0.157656506 0.069908366 -0.012013833 0.003970845 0.997473240
1341846329.641955 0.016779721 0.061824836 0.151520550 0.069705002 -0.012988144 0.004524456 0.997472882
1341846329.681570 0.014405278 0.043683834 0.140472844 0.067842424 -0.015798271 0.005661950 0.997554958
1341846329.748113 0.021909712 0.040426772 0.139926732 0.070400275 -0.016231677 0.003086364 0.997381985
1341846329.810175 0.021127211 0.013242308 0.138291717 0.067671150 -0.013033072 0.007856741 0.997591615
1341846329.842255 0.017893272 0.004579825 0.136818439 0.069126174 -0.012414626 0.010928457 0.997470856
1341846329.874044 0.017644895 -0.001737407 0.136675939 0.070987239 -0.012558823 0.014681729 0.997290194
1341846329.910073 0.014628354 0.003317550 0.131859049 0.071541674 -0.012829434 0.016479963 0.997219026
1341846329.942009 0.013674822 0.002667641 0.136689320 0.067120351 -0.013341872 0.021432281 0.997425497
1341846329.978087 0.016134480 -0.021853030 0.134836808 0.064395681 -0.013886999 0.023366362 0.997554302
1341846330.016305 0.019557226 -0.014965028 0.129326046 0.066727862 -0.012993763 0.020990191 0.997465789
1341846330.048192 0.010949257 -0.006274443 0.132392168 0.063626237 -0.011069504 0.022089876 0.997667968
1341846330.080418 0.015572590 -0.030052656 0.128402337 0.058144350 -0.011571986 0.024741819 0.997934461
1341846330.115886 0.015377100 -0.045750801 0.129643440 0.060689095 -0.009980247 0.024914160 0.997795820
1341846330.147839 0.011787365 -0.031464983 0.121862039 0.063661754 -0.009571560 0.027095811 0.997557700
1341846330.181257 0.011932340 -0.018869203 0.123579837 0.059484135 -0.010415173 0.030643277 0.997704506
1341846330.215852 0.014765198 -0.033051793 0.127334908 0.052592400 -0.009583922 0.030238494 0.998112142
1341846330.247833 0.008041092 -0.040522236 0.124238282 0.050450098 -0.008497813 0.028971983 0.998270154
1341846330.283913 0.004046746 -0.024762614 0.116711460 0.047968496 -0.008872520 0.029136466 0.998384416
1341846330.316011 0.002796321 -0.043420881 0.124710217 0.040488295 -0.009595019 0.028291641 0.998733342
1341846330.347868 0.002686545 -0.052273080 0.128853723 0.037857618 -0.011416991 0.028174749 0.998820662
1341846330.383835 0.008429971 -0.053644683 0.130558565 0.036230225 -0.012378728 0.028706336 0.998854399
1341846330.415934 0.006023825 -0.070950061 0.131094843 0.034847610 -0.011246433 0.026682867 0.998973072
1341846330.452561 0.001103089 -0.070914194 0.127832845 0.037824791 -0.011455532 0.025680523 0.998888731
1341846330.483903 -0.002750729 -0.064662322 0.125206575 0.038512856 -0.013079275 0.028017465 0.998779655
1341846330.515970 -0.002378876 -0.074738055 0.124550000 0.036482040 -0.015389098 0.031418212 0.998721838
1341846330.552099 -0.000003907 -0.078187622 0.121425621 0.037807260 -0.016903540 0.033790894 0.998570502
1341846330.583876 -0.004190713 -0.068101294 0.121660911 0.037867907 -0.016833868 0.034197919 0.998555601
1341846330.619992 -0.010198155 -0.060212482 0.109149680 0.033768501 -0.017594006 0.032877002 0.998733878
1341846330.652136 -0.008595178 -0.065634206 0.114847995 0.027200015 -0.019489901 0.031760514 0.998935282
1341846330.683796 -0.010913648 -0.071437530 0.113335080 0.022265946 -0.019315699 0.030984078 0.999085128
1341846330.719991 -0.014763431 -0.088270105 0.100916684 0.018723493 -0.021254659 0.032061987 0.999084473
1341846330.752103 -0.017688690 -0.091247275 0.098187074 0.020499591 -0.025309909 0.036467128 0.998803973
1341846330.787952 -0.025533265 -0.084123828 0.093255498 0.022069264 -0.029471869 0.040183421 0.998513699
1341846330.819823 -0.022300903 -0.082491361 0.098562188 0.021972904 -0.034149081 0.040827934 0.998340726
1341846330.852208 -0.021301813 -0.074786127 0.091406435 0.022040909 -0.035880975 0.041280989 0.998259783
1341846330.914111 -0.025843903 -0.064200424 0.083468288 0.013113797 -0.038994871 0.041095227 0.998307884
1341846330.949903 -0.029709412 -0.076323092 0.084365472 0.009362421 -0.039888732 0.041311592 0.998305917
1341846330.981986 -0.039574485 -0.074446477 0.068328418 0.010765837 -0.043766338 0.040362667 0.998168051
1341846331.014111 -0.036572736 -0.067182474 0.070911840 0.010898519 -0.048036169 0.041470096 0.997924924
1341846331.082139 -0.036637608 -0.074247159 0.074182041 0.011896905 -0.051110990 0.039107837 0.997856081
1341846331.114334 -0.038585242 -0.071222544 0.070007093 0.011958600 -0.053060368 0.038389392 0.997781515
1341846331.149989 -0.033225529 -0.079678349 0.068315506 0.011757979 -0.054471713 0.038082648 0.997719586
1341846331.181954 -0.040301800 -0.077993721 0.066747978 0.015255128 -0.054075256 0.036044367 0.997769535
1341846331.218151 -0.047256809 -0.063586555 0.061594252 0.015701843 -0.057008810 0.037364166 0.997550726
1341846331.249914 -0.036002036 -0.075531177 0.068696588 0.012746369 -0.059590802 0.035807986 0.997499049
1341846331.318141 -0.028496943 -0.070344828 0.069729768 0.023735261 -0.050194345 0.032116201 0.997940719
1341846331.349926 -0.026955603 -0.070195466 0.063559800 0.022588599 -0.047464233 0.029586196 0.998179138
1341846331.382003 0.017081227 -0.085635826 0.087950736 0.024242565 -0.045126006 0.032014821 0.998173833
1341846331.418008 -0.000987082 -0.076881155 0.089919113 0.032230087 -0.033665147 0.029903747 0.998465657
1341846331.450327 -0.018170519 -0.072043091 0.082688503 0.033801187 -0.026430542 0.029054621 0.998656511
1341846331.486219 -0.028397627 -0.064779021 0.089061037 0.034393050 -0.023545090 0.029330360 0.998700440
1341846331.518344 -0.016708018 -0.065404572 0.095358945 0.033087265 -0.023823382 0.028870422 0.998751342
1341846331.550202 -0.010271437 -0.072180718 0.097398728 0.035073195 -0.019476054 0.027876314 0.998806059
1341846331.586139 -0.024772214 -0.059813999 0.110226437 0.037958503 -0.016760290 0.026443748 0.998788774
1341846331.617931 -0.016238233 -0.056621294 0.119883850 0.037298538 -0.017487086 0.027115788 0.998783231
1341846331.654027 -0.008603177 -0.063337594 0.129044384 0.037391935 -0.015512452 0.027730497 0.998795390
1341846331.686123 -0.013781221 -0.053982731 0.122518703 0.040015988 -0.012312805 0.030473214 0.998658419
1341846331.717954 -0.018924229 -0.040944319 0.132742345 0.037785720 -0.013092250 0.031102188 0.998715937
1341846331.754076 -0.005602088 -0.056027208 0.145688057 0.034447826 -0.013400108 0.030112818 0.998862863
1341846331.785920 -0.006991342 -0.057946421 0.154092327 0.037171721 -0.010223711 0.028493609 0.998850346
1341846331.818053 -0.008887349 -0.045404591 0.168969169 0.038324215 -0.008590556 0.029096870 0.998804748
1341846331.853849 -0.007568425 -0.052790646 0.178373888 0.036599949 -0.008400747 0.028595034 0.998885512
1341846331.885987 0.001601319 -0.053570449 0.187283084 0.039560981 -0.006487622 0.026469616 0.998845518
1341846331.922014 -0.002499611 -0.047321022 0.198141634 0.041653715 -0.002881510 0.025229702 0.998809397
1341846331.954037 0.003737216 -0.046506114 0.207898170 0.041522674 -0.000600993 0.026310071 0.998790920
1341846331.986135 0.007874371 -0.057655107 0.227580175 0.043261856 0.005417985 0.026300650 0.998702884
1341846332.022364 -0.005953126 -0.058597680 0.241762772 0.050343882 0.011483726 0.025402775 0.998342812
1341846332.054175 -0.008945401 -0.054773007 0.256884396 0.056581549 0.011711477 0.026383074 0.997980714
1341846332.086502 -0.004748511 -0.050460838 0.266085923 0.059531529 0.011300761 0.028792337 0.997747123
1341846332.122051 -0.001214349 -0.042986430 0.263706058 0.061727364 0.011351825 0.029223951 0.997600555
1341846332.153983 -0.009058861 -0.028342394 0.280875564 0.060644388 0.011354001 0.027198987 0.997724235
1341846332.190165 -0.011756246 -0.030139253 0.295180202 0.053961910 0.009983876 0.024963096 0.998181045
1341846332.254145 -0.009247881 -0.049950525 0.321679294 0.052972868 0.010090357 0.022724448 0.998286426
1341846332.289948 -0.012972597 -0.045151614 0.338979632 0.055252083 0.009978653 0.025042495 0.998108447
1341846332.322172 -0.011336337 -0.046833497 0.349167466 0.055863664 0.009373548 0.027057836 0.998027742
1341846332.354003 -0.005110606 -0.050296690 0.358896017 0.058248993 0.011139393 0.023925165 0.997953176
1341846332.390180 -0.005801759 -0.035764806 0.368017316 0.060912177 0.015607053 0.020990053 0.997800350
1341846332.422055 -0.012881329 -0.035417676 0.376632541 0.058756348 0.018516388 0.017456273 0.997947931
1341846332.458114 -0.008560882 -0.039719135 0.389433801 0.057894040 0.020537764 0.013100750 0.998025477
1341846332.489993 -0.013206137 -0.034544744 0.405630350 0.059248980 0.022771727 0.014778430 0.997874022
1341846332.522130 -0.018979678 -0.030775709 0.414616108 0.058679316 0.019107455 0.020961454 0.997873902
1341846332.558114 -0.015092406 -0.033385165 0.423381150 0.058576159 0.013375626 0.027974930 0.997801244
1341846332.589874 -0.006931019 -0.022418454 0.425774127 0.059136841 0.010149103 0.032620702 0.997665167
1341846332.621889 -0.005571546 -0.016100802 0.430399656 0.054814108 0.010152741 0.033133008 0.997895062
1341846332.658202 -0.001186397 -0.019601215 0.443942279 0.050891586 0.010468479 0.031412218 0.998155177
1341846332.690001 0.000389917 -0.015059430 0.455782801 0.049355432 0.011171154 0.033138029 0.998168886
1341846332.726000 -0.001112155 -0.020132780 0.471883357 0.047892403 0.010248132 0.036859870 0.998119593
1341846332.758386 0.011906797 -0.020438490 0.481209099 0.048654247 0.006699629 0.040595543 0.997967899
1341846332.789937 0.022288773 -0.012162589 0.489028335 0.048326068 0.006773234 0.039311945 0.998034716
1341846332.825925 0.022947684 -0.013365780 0.501507998 0.045989666 0.009363975 0.038073063 0.998172224
1341846332.857898 0.010800725 -0.014157013 0.502411962 0.046461433 0.012169923 0.034530763 0.998248935
1341846332.894069 0.009883239 -0.002577058 0.507603228 0.047102865 0.012342769 0.034603614 0.998214185
1341846332.926029 0.016582584 0.004690644 0.517712831 0.044166524 0.012326528 0.032502260 0.998419285
1341846332.958015 0.019740002 0.003239745 0.524560809 0.040733829 0.014558918 0.029777391 0.998620093
1341846332.994073 0.028434122 0.007043588 0.540567875 0.038355611 0.015330955 0.028449070 0.998741508
1341846333.026545 0.033814177 0.005160512 0.545952320 0.035490762 0.016026773 0.026831781 0.998881221
1341846333.057998 0.039923340 0.007259726 0.550775051 0.034323126 0.017385121 0.027567672 0.998879254
1341846333.094024 0.043126054 0.009466743 0.561622024 0.035267126 0.019186333 0.031077448 0.998710394
1341846333.126095 0.052307270 0.011467940 0.565988660 0.035479162 0.019380108 0.034196716 0.998597145
1341846333.161973 0.054247584 0.019292647 0.570519626 0.034845963 0.022216268 0.035281528 0.998522580
1341846333.195660 0.052642550 0.017854132 0.574666917 0.031942278 0.024678720 0.037188429 0.998492718
1341846333.226331 0.053056460 0.019745160 0.579242110 0.031048100 0.025568707 0.036716789 0.998515964
1341846333.262056 0.050993923 0.025242597 0.582243681 0.028025204 0.026168665 0.034164689 0.998680413
1341846333.294147 0.051442437 0.021926191 0.590148985 0.024390221 0.026056414 0.032852147 0.998822749
1341846333.326100 0.056607630 0.025404537 0.594849110 0.023058005 0.024130827 0.031450775 0.998947918
1341846333.362100 0.058125474 0.033127062 0.595761418 0.020529363 0.023578566 0.030159181 0.999056101
1341846333.394119 0.058375943 0.023550594 0.601953804 0.016207078 0.022630338 0.030735249 0.999139965
1341846333.429974 0.061075129 0.027470233 0.601936817 0.016073698 0.020670420 0.031000026 0.999176383
1341846333.462115 0.064553089 0.026572555 0.607518971 0.015558544 0.020550421 0.028607311 0.999258399
1341846333.494040 0.065629721 0.026688505 0.609425724 0.016432703 0.021373661 0.027475556 0.999258935
1341846333.529953 0.069908358 0.027140835 0.609798491 0.017452231 0.022205209 0.027413376 0.999225199
1341846333.562063 0.070443414 0.031051623 0.613773584 0.018785367 0.024437552 0.028155366 0.999128282
1341846333.594090 0.062804081 0.037882805 0.614490747 0.018020773 0.024586167 0.029183280 0.999109268
1341846333.629994 0.062922128 0.037799716 0.613419414 0.014208707 0.021990635 0.028280120 0.999257207
1341846333.662127 0.064665176 0.038940679 0.612407327 0.011274662 0.020733649 0.027621461 0.999339879
1341846333.697964 0.066400662 0.031190339 0.613053799 0.008932924 0.020561820 0.028231574 0.999350011
1341846333.730092 0.065710545 0.028471006 0.608158112 0.011111401 0.020933170 0.029138424 0.999294460
1341846333.762089 0.067544244 0.031645682 0.605716169 0.013110043 0.021282081 0.030773930 0.999213815
1341846333.798006 0.063690059 0.028313801 0.600517452 0.014220966 0.022347307 0.030194176 0.999193013
1341846333.830055 0.065867603 0.025539191 0.595649183 0.016436810 0.023168469 0.028350146 0.999194324
1341846333.866045 0.061062042 0.028396202 0.592157543 0.018048365 0.025017129 0.026817435 0.999164343
1341846333.897987 0.058582541 0.023528192 0.588377714 0.019050850 0.025190009 0.025770936 0.999168873
1341846333.930099 0.060450591 0.020980274 0.582490563 0.021636894 0.025779599 0.024831168 0.999124944
1341846333.965889 0.056729294 0.021275192 0.576014161 0.023847898 0.027097043 0.024420854 0.999049902
1341846333.997985 0.050092839 0.018583676 0.567653179 0.026687142 0.028880896 0.025180841 0.998909235
1341846334.030076 0.044212360 0.019919060 0.561953068 0.029913047 0.030778879 0.025661724 0.998748899
1341846334.066000 0.041828193 0.020806845 0.555929780 0.031830113 0.030326264 0.027652601 0.998650372
1341846334.097932 0.040675797 0.018640524 0.547131896 0.033372737 0.030339267 0.027219860 0.998611510
1341846334.133884 0.036663663 0.019479521 0.542791724 0.035161376 0.031623110 0.027364871 0.998506367
1341846334.166115 0.030261440 0.019555185 0.534856260 0.035283592 0.030741250 0.028411077 0.998500288
1341846334.198072 0.030496927 0.019553265 0.525771677 0.035965558 0.028862085 0.027453771 0.998558819
1341846334.234097 0.033122104 0.021118220 0.522605419 0.036533479 0.028863521 0.026346546 0.998568058
1341846334.266045 0.025193432 0.019836366 0.516110420 0.036558259 0.031239599 0.026727030 0.998485565
1341846334.297946 0.017358856 0.019463709 0.507360160 0.037733037 0.030307740 0.028118139 0.998432338
1341846334.334036 0.019765252 0.019769482 0.499644428 0.038088739 0.028265532 0.028493853 0.998468041
1341846334.365871 0.022256311 0.021908430 0.489412874 0.037809670 0.027756192 0.026522966 0.998547256
1341846334.401845 0.015212564 0.018472912 0.482255578 0.036014520 0.029414548 0.025084464 0.998603344
1341846334.433864 0.009885683 0.015368203 0.477120847 0.035906583 0.028398477 0.025852736 0.998617053
1341846334.466105 0.017020643 0.018554773 0.463925838 0.036967497 0.025833126 0.026830066 0.998622179
1341846334.502142 0.010616043 0.020803284 0.454037279 0.035884593 0.025077360 0.027635882 0.998658955
1341846334.540153 0.007713313 0.016969852 0.448595673 0.035294026 0.023917500 0.026007311 0.998752177
1341846334.602351 -0.003417331 0.025446342 0.431730211 0.031104770 0.020916643 0.019656170 0.999103963
1341846334.670161 -0.004881571 0.019460080 0.417941362 0.025677374 0.017718833 0.012618455 0.999433637
1341846334.702085 -0.017901288 0.013491538 0.410152107 0.023893910 0.016838308 0.012840120 0.999490261
1341846334.734751 -0.018690210 0.014690586 0.407554895 0.024178259 0.013910565 0.014929562 0.999499440
1341846334.770889 -0.024701793 0.012965642 0.395499110 0.024076868 0.012988018 0.016982211 0.999481499
1341846334.802194 -0.022749964 0.015594540 0.383492172 0.023662826 0.009392369 0.018897416 0.999497294
1341846334.833908 -0.022359138 0.015129746 0.375106394 0.023137933 0.007655771 0.016881520 0.999560475
1341846334.869874 -0.022177733 0.017164128 0.362548798 0.021778436 0.007171436 0.016985942 0.999592841
1341846334.902006 -0.028698822 0.014647801 0.350555867 0.019877270 0.005785861 0.017694427 0.999629140
1341846334.938010 -0.030764705 0.012872053 0.346404165 0.019243173 0.002389172 0.017254721 0.999663115
1341846334.970032 -0.030430492 0.012067593 0.342314988 0.019324463 0.001666471 0.016292337 0.999679089
1341846335.002203 -0.037321314 0.012515480 0.335497767 0.021154875 0.002331682 0.017866112 0.999613881
1341846335.037880 -0.037063520 0.011156383 0.310639024 0.023166111 -0.001162929 0.021306647 0.999503911
1341846335.069990 -0.036633715 0.015111814 0.306696475 0.024042606 -0.004089374 0.019905675 0.999504387
1341846335.106038 -0.035036255 0.010399162 0.298410773 0.023893908 -0.003147764 0.017943501 0.999548554
1341846335.138045 -0.039014272 0.010001762 0.288776368 0.025414718 -0.002067391 0.018103348 0.999510944
1341846335.169900 -0.045645423 0.014354066 0.268763214 0.026129279 -0.003995433 0.017663553 0.999494553
1341846335.206091 -0.043655191 0.015461103 0.266753942 0.025658850 -0.006405814 0.015422548 0.999531269
1341846335.239365 -0.043113813 0.006894135 0.258462578 0.024841579 -0.005310753 0.012416430 0.999600172
1341846335.269948 -0.048197269 0.005253014 0.245532870 0.026208211 -0.003635500 0.011500879 0.999583781
1341846335.305972 -0.052429438 0.005982887 0.234002039 0.028240433 -0.005072868 0.012456314 0.999510705
1341846335.338012 -0.049731359 0.004300261 0.226674587 0.029544463 -0.006623300 0.013847437 0.999445677
1341846335.374005 -0.044286262 -0.005958046 0.210629672 0.032755338 -0.005323773 0.014710129 0.999341011
1341846335.406025 -0.047126051 -0.004909121 0.202364564 0.039971765 -0.002576809 0.016517833 0.999060988
1341846335.438079 -0.050785556 0.001319476 0.192413211 0.045416478 -0.001705835 0.020229429 0.998761833
1341846335.473998 -0.050649632 0.007253580 0.185668692 0.048062988 -0.000124410 0.020983454 0.998623908
1341846335.507038 -0.050687522 0.012115275 0.172750577 0.049391467 0.002420388 0.019024812 0.998595417
1341846335.538040 -0.057012089 0.017958863 0.169817746 0.049149990 0.005117077 0.017144686 0.998631179
1341846335.574119 -0.070263572 0.016769648 0.156957075 0.046398088 0.006357628 0.016467232 0.998767078
1341846335.605970 -0.069836587 0.010035221 0.149473146 0.044474702 0.005215656 0.016100263 0.998867214
1341846335.641978 -0.067331240 0.010902682 0.138620719 0.045734651 0.006150265 0.012989956 0.998850226
1341846335.673993 -0.073411115 0.015999544 0.128698155 0.045829777 0.007257177 0.012902155 0.998839617
1341846335.706178 -0.074784078 0.015384676 0.117675208 0.045262065 0.005783260 0.013832692 0.998862684
1341846335.741982 -0.071889535 0.015038600 0.111749783 0.045912657 0.005162325 0.013564901 0.998840034
1341846335.773960 -0.075497188 0.018506303 0.102869004 0.046153009 0.005862702 0.013277130 0.998828948
1341846335.806271 -0.076748557 0.025310742 0.089005150 0.044597402 0.005249260 0.013061055 0.998905897
1341846335.842031 -0.072395526 0.019424194 0.081700161 0.042158559 0.005606056 0.013541739 0.999003470
1341846335.873966 -0.074235186 0.018001840 0.069978684 0.043028384 0.007260241 0.012765134 0.998965919
1341846335.910005 -0.083261281 0.022984779 0.053173959 0.042667542 0.007801051 0.014331564 0.998956084
1341846335.941936 -0.084979497 0.023600470 0.041105330 0.041703250 0.005760715 0.015060104 0.998999953
1341846335.974198 -0.086784013 0.022917626 0.037877198 0.041617773 0.005056550 0.012677914 0.999040425
1341846336.010032 -0.092045449 0.023639148 0.027647424 0.041309390 0.005420891 0.011282404 0.999068022
1341846336.042129 -0.093472026 0.024701867 0.012054631 0.040392905 0.003895872 0.012462826 0.999098539
1341846336.078076 -0.094657421 0.021406505 0.004910944 0.040267989 0.001873967 0.011521330 0.999120772
1341846336.110739 -0.096523285 0.023782993 -0.003259245 0.041134425 0.001992097 0.009784034 0.999103785
1341846336.142002 -0.104619384 0.024272868 -0.011118995 0.040811483 0.002287192 0.010941261 0.999104381
1341846336.183953 -0.108088382 0.028424576 -0.019946309 0.040604677 -0.000477031 0.012111001 0.999101818
1341846336.241891 -0.107410111 0.027185626 -0.033543378 0.038613752 -0.001167785 0.011049526 0.999192476
1341846336.277946 -0.115263484 0.020088764 -0.040277150 0.038625058 -0.000643745 0.013283625 0.999165297
1341846336.309977 -0.115615994 0.021226890 -0.052501678 0.041316610 -0.003240918 0.016508399 0.999004483
1341846336.346143 -0.116950907 0.028803902 -0.058782481 0.043636512 -0.004605475 0.017530357 0.998883069
1341846336.377975 -0.118075013 0.029165590 -0.059225157 0.044604085 -0.004490718 0.016589370 0.998856902
1341846336.410032 -0.122741602 0.029203752 -0.075996622 0.045503579 -0.003303482 0.016007060 0.998830497
1341846336.446041 -0.124137051 0.034783266 -0.088486589 0.045408629 -0.003783347 0.016112983 0.998831451
1341846336.477990 -0.122445382 0.031800766 -0.092082113 0.043982979 -0.004119415 0.016242439 0.998891771
1341846336.510056 -0.123363733 0.029488187 -0.099483259 0.044139855 -0.003524777 0.016847575 0.998877168
1341846336.546024 -0.126565874 0.029955069 -0.105119318 0.045047123 -0.003324941 0.018722337 0.998803914
1341846336.578003 -0.128982559 0.037419837 -0.113094278 0.045249667 -0.003682476 0.020397447 0.998760641
1341846336.614020 -0.125187591 0.037712600 -0.116115510 0.044702634 -0.003315130 0.019399552 0.998806477
1341846336.645982 -0.130725041 0.043959975 -0.126189142 0.043767061 -0.001784252 0.019195223 0.998855770
1341846336.678036 -0.135971397 0.038276147 -0.130653024 0.041521747 -0.003604386 0.020177323 0.998927414
1341846336.714024 -0.140166327 0.030047404 -0.127865568 0.042776313 -0.005545399 0.019328171 0.998882294
1341846336.746016 -0.145256400 0.026923237 -0.135560989 0.046521395 -0.007502773 0.021093717 0.998666406
1341846336.778014 -0.149760529 0.035007119 -0.149604112 0.049309216 -0.011164059 0.024949111 0.998409510
1341846336.820006 -0.147351876 0.040641267 -0.152162179 0.050258718 -0.015137571 0.026755136 0.998263061
1341846336.882056 -0.154919907 0.037793107 -0.161726609 0.052830093 -0.016874975 0.025210384 0.998142600
1341846336.914273 -0.157686338 0.028994687 -0.175479397 0.054406956 -0.021128319 0.027995115 0.997902691
1341846336.945998 -0.151760921 0.025895510 -0.176820993 0.060563531 -0.028575549 0.031086290 0.997270823
1341846336.981980 -0.162079170 0.050504442 -0.185006335 0.065260850 -0.031353332 0.028091131 0.996979892
1341846337.014238 -0.161278933 0.053793639 -0.190006942 0.062418573 -0.034108222 0.025657734 0.997137010
1341846337.046017 -0.155762479 0.049838789 -0.186160862 0.059907347 -0.035820495 0.021143541 0.997336924
1341846337.082104 -0.161169842 0.052839864 -0.196397752 0.059438549 -0.035888426 0.018221587 0.997420251
1341846337.114317 -0.162796214 0.050089940 -0.197799727 0.057191197 -0.038310207 0.018380087 0.997458637
1341846337.150037 -0.159783453 0.050921526 -0.197669178 0.055886548 -0.040225741 0.016594939 0.997488439
1341846337.181873 -0.153121859 0.050358202 -0.206097528 0.055386417 -0.040321853 0.013475714 0.997559488
1341846337.214073 -0.160699114 0.056926314 -0.207664013 0.053276222 -0.038530760 0.011437323 0.997770667
1341846337.250087 -0.177110687 0.041569710 -0.214203253 0.049939685 -0.039014492 0.011916570 0.997918785
1341846337.282028 -0.170817301 0.043547016 -0.214322656 0.051194880 -0.043665834 0.015748488 0.997609317
1341846337.317920 -0.163017154 0.047922492 -0.217419550 0.051054813 -0.045469724 0.016070401 0.997530818
1341846337.350018 -0.165036783 0.054824993 -0.218779892 0.049832102 -0.044764947 0.016001318 0.997625589
1341846337.382159 -0.158403024 0.046447452 -0.218307927 0.046646371 -0.044893201 0.014223856 0.997800767
1341846337.417941 -0.166017622 0.040168617 -0.218826219 0.047189064 -0.043902975 0.014355368 0.997817457
1341846337.450137 -0.168165848 0.047781635 -0.227993682 0.048016272 -0.045649949 0.015568211 0.997681439
1341846337.482096 -0.163881287 0.045693867 -0.222261846 0.046570946 -0.046226680 0.016270509 0.997712135
1341846337.518008 -0.164489433 0.039869707 -0.229290396 0.047189724 -0.046633430 0.016656756 0.997657776
1341846337.549978 -0.167284891 0.053280335 -0.233482033 0.048184488 -0.046971902 0.014239406 0.997631788
1341846337.585971 -0.164531618 0.048237570 -0.228507310 0.045180518 -0.047698569 0.013762763 0.997744560
1341846337.617903 -0.160136670 0.024530560 -0.231306434 0.044995394 -0.048458215 0.014200564 0.997710168
1341846337.650141 -0.162145838 0.045831192 -0.229575545 0.048791800 -0.048585709 0.013508399 0.997535110
1341846337.686352 -0.164066210 0.048607510 -0.235192731 0.047030192 -0.048045430 0.013503148 0.997646034
1341846337.718002 -0.158011869 0.047667079 -0.224313796 0.045152217 -0.048293743 0.014319778 0.997709394
1341846337.749920 -0.157124236 0.049745794 -0.226562366 0.044963848 -0.046175517 0.013320990 0.997832000
1341846337.786157 -0.153993741 0.053576007 -0.219744042 0.041871291 -0.043708697 0.013710275 0.998072326
1341846337.817945 -0.151944086 0.049603131 -0.212224826 0.039536320 -0.041699789 0.015072553 0.998233914
1341846337.854071 -0.148713812 0.052909136 -0.211043373 0.038385011 -0.038558543 0.014354196 0.998415649
1341846337.885951 -0.152232707 0.061387736 -0.207919881 0.035724279 -0.035991006 0.012498491 0.998635232
1341846337.918223 -0.149577066 0.060587205 -0.197812751 0.031514078 -0.034792297 0.009852601 0.998848975
1341846337.954120 -0.155633315 0.057227340 -0.191074595 0.029110275 -0.032905500 0.008977005 0.998994112
1341846337.985994 -0.146646380 0.064358838 -0.186476335 0.026569732 -0.032819681 0.010080243 0.999057233
1341846338.018107 -0.146999612 0.061216176 -0.176835224 0.022951564 -0.030926326 0.010809917 0.999199688
1341846338.054055 -0.143411979 0.063294366 -0.180516705 0.020650206 -0.029583503 0.009885998 0.999300122
1341846338.085986 -0.137746841 0.065612070 -0.163665429 0.017443350 -0.026839837 0.009953219 0.999437988
1341846338.121875 -0.138894364 0.061147705 -0.153517723 0.015252610 -0.024460828 0.011689763 0.999516070
1341846338.154089 -0.143194929 0.063276708 -0.148169279 0.014640477 -0.023657598 0.014970475 0.999500811
1341846338.186029 -0.139024109 0.060432654 -0.140863791 0.013092701 -0.024262814 0.017339304 0.999469519
1341846338.222071 -0.132577091 0.063109666 -0.136072382 0.011879425 -0.023456577 0.016890837 0.999511600
1341846338.254107 -0.132052243 0.059722573 -0.119614266 0.009992066 -0.021702310 0.017722562 0.999557436
1341846338.290130 -0.129932746 0.056721348 -0.111502029 0.010245053 -0.021776030 0.019177863 0.999526441
1341846338.321952 -0.132493109 0.065584391 -0.105224326 0.010986751 -0.020512426 0.020835372 0.999512136
1341846338.354022 -0.124330290 0.063711710 -0.091227420 0.010138609 -0.020669635 0.021671074 0.999500096
1341846338.389969 -0.129717246 0.068932027 -0.087125279 0.010036580 -0.019097961 0.021472557 0.999536633
1341846338.422377 -0.128511652 0.066742890 -0.074264489 0.008077168 -0.018783739 0.021605890 0.999557495
1341846338.454010 -0.129777253 0.068837211 -0.067505047 0.007117894 -0.018925229 0.020633923 0.999582648
1341846338.489894 -0.125855505 0.064832702 -0.056686141 0.005085308 -0.019659156 0.021059005 0.999572039
1341846338.522066 -0.118889540 0.065307707 -0.041044421 0.005937777 -0.020072404 0.020966278 0.999561071
1341846338.558058 -0.122840904 0.074543618 -0.038527846 0.005962586 -0.019503107 0.019825736 0.999595404
1341846338.589842 -0.115913756 0.070643775 -0.026170541 0.003604888 -0.020383731 0.019939316 0.999586880
1341846338.622019 -0.114732094 0.067427590 -0.015541319 0.004227133 -0.019193083 0.021001952 0.999586284
1341846338.657984 -0.120271944 0.074698836 -0.013479789 0.005034207 -0.018739441 0.022222970 0.999564707
1341846338.690198 -0.110527150 0.077176899 0.001840021 0.002899960 -0.020282654 0.022042394 0.999547064
1341846338.722454 -0.104030550 0.072432622 0.017060362 0.001931521 -0.019649509 0.022573767 0.999550223
1341846338.757945 -0.112962656 0.078387193 0.020976217 0.002505243 -0.018880222 0.023989126 0.999530792
1341846338.790039 -0.107064612 0.077791311 0.036472622 0.000367893 -0.021561932 0.024607060 0.999464571
1341846338.826048 -0.096370272 0.074168324 0.050203104 0.000210246 -0.021531707 0.023762450 0.999485791
1341846338.858027 -0.102815963 0.079426944 0.051580328 0.000569853 -0.019031681 0.022039449 0.999575794
1341846338.889902 -0.100351080 0.078518242 0.062112968 -0.002073998 -0.020121487 0.021920424 0.999555051
1341846338.925948 -0.090532109 0.078589655 0.078541495 -0.002631526 -0.020312710 0.020332171 0.999583483
1341846338.958108 -0.088942088 0.079453923 0.088492259 -0.002435903 -0.018479399 0.019871669 0.999628782
1341846338.990057 -0.091610752 0.075226456 0.097188301 -0.002364019 -0.017800283 0.020103680 0.999636650
1341846339.025928 -0.084715053 0.073550127 0.120484114 -0.000407401 -0.017382680 0.020309670 0.999642611
1341846339.057939 -0.086170517 0.079773426 0.120640360 0.002749218 -0.014645522 0.020157082 0.999685824
1341846339.093927 -0.090474129 0.085634232 0.124023966 0.001810049 -0.014831438 0.021749152 0.999651849
1341846339.126562 -0.082953811 0.093385004 0.126082361 -0.000447533 -0.016058614 0.020514129 0.999660552
1341846339.157969 -0.073154852 0.090221107 0.149934262 -0.003471371 -0.014518214 0.018883839 0.999710262
1341846339.194113 -0.076888077 0.089699090 0.154101565 -0.005907770 -0.013080173 0.020923985 0.999678075
1341846339.228165 -0.079234503 0.096975505 0.164484411 -0.008628438 -0.014649145 0.022491762 0.999602497
1341846339.257998 -0.066481605 0.092189915 0.182109192 -0.011813298 -0.015025879 0.023651052 0.999537587
1341846339.294132 -0.067431875 0.094304435 0.186816961 -0.011806221 -0.012326537 0.024656292 0.999550283
1341846339.326577 -0.075071685 0.107949533 0.192661166 -0.014227543 -0.013471720 0.025805406 0.999474943
1341846339.362269 -0.064240381 0.104814544 0.202387676 -0.018298931 -0.016223518 0.023156950 0.999432743
1341846339.394725 -0.057607643 0.108213663 0.213477030 -0.018870290 -0.014779758 0.023007959 0.999447942
1341846339.462186 -0.052243348 0.105599530 0.232116327 -0.022601323 -0.015813923 0.022194007 0.999373078
1341846339.496743 -0.040384561 0.107015505 0.244668394 -0.019894544 -0.012983626 0.020740392 0.999502659
1341846339.562052 -0.041274723 0.104361817 0.269091725 -0.019158594 -0.009653935 0.023615703 0.999490917
1341846339.595122 -0.034337953 0.104058206 0.274267137 -0.017350871 -0.009422771 0.023022914 0.999539971
1341846339.632085 -0.037691332 0.107168190 0.280543894 -0.015525967 -0.004516826 0.020170385 0.999665797
1341846339.664568 -0.034531277 0.104015045 0.288213551 -0.015596072 -0.001863130 0.018453557 0.999706388
1341846339.698896 -0.037444219 0.103026509 0.297137946 -0.015685877 -0.000233491 0.017077949 0.999731123
1341846339.731977 -0.023084838 0.101465158 0.305996001 -0.015706714 -0.001943516 0.016253293 0.999742687
1341846339.762241 -0.019592250 0.098090485 0.314451635 -0.016027214 -0.000828633 0.016740160 0.999731123
1341846339.797873 -0.021040110 0.099433817 0.324703962 -0.015769826 0.000019264 0.017518859 0.999722183
1341846339.830245 -0.013227503 0.096524045 0.334051281 -0.016446805 -0.001274173 0.018248778 0.999697387
1341846339.862015 -0.011331223 0.097699858 0.337675184 -0.016915048 -0.001092638 0.018021433 0.999693930
1341846339.897797 -0.008429275 0.097848862 0.342076451 -0.017477512 0.000068206 0.017214006 0.999699056
1341846339.929916 -0.006275457 0.090958409 0.351546168 -0.018636663 0.001070362 0.019376788 0.999638021
1341846339.961960 -0.003887012 0.091377474 0.360214591 -0.017101349 0.000397007 0.020161126 0.999650419
1341846339.997845 0.001936412 0.090847194 0.359320343 -0.015999747 0.001156988 0.019992957 0.999671519
1341846340.029925 0.000431864 0.090650141 0.366038889 -0.014926965 0.004070356 0.021273989 0.999653995
1341846340.066044 0.003227456 0.089006603 0.373815328 -0.012956148 0.005239989 0.022036506 0.999659538
1341846340.098009 0.007213990 0.091672443 0.382984608 -0.011821810 0.005463475 0.022499602 0.999662042
1341846340.130102 0.009969842 0.093566164 0.391614854 -0.012261114 0.005349893 0.021355232 0.999682486
1341846340.166041 0.015327221 0.088239834 0.395895720 -0.011882531 0.007418858 0.018651551 0.999727964
1341846340.197867 0.014360045 0.092994966 0.402610540 -0.010235609 0.010041297 0.020007811 0.999697030
1341846340.229904 0.015168120 0.094066255 0.408495247 -0.011481181 0.009764806 0.019999068 0.999686420
1341846340.265859 0.020730052 0.088795602 0.415091693 -0.012563840 0.010533257 0.019002987 0.999685049
1341846340.298061 0.022501444 0.091466248 0.421311200 -0.010236319 0.012783501 0.020255353 0.999660730
1341846340.334063 0.018137336 0.095740810 0.424785137 -0.010898166 0.012590541 0.021586075 0.999628365
1341846340.366064 0.024222566 0.087770931 0.433683008 -0.013271504 0.010312738 0.020696335 0.999644578
1341846340.397995 0.029334323 0.089114390 0.439666301 -0.011105334 0.010310309 0.020655850 0.999671876
1341846340.433895 0.029814063 0.092694782 0.444847077 -0.010171791 0.010043570 0.022053406 0.999654591
1341846340.465959 0.028678888 0.088769443 0.445798874 -0.010185088 0.008019645 0.023953546 0.999629080
1341846340.501858 0.032714449 0.090044789 0.442719072 -0.009114853 0.004580868 0.023523701 0.999671221
1341846340.534329 0.039893385 0.091735072 0.445838243 -0.008307678 0.002433495 0.022870606 0.999701023
1341846340.566041 0.043805748 0.088847920 0.445639908 -0.007502578 0.001328070 0.024272302 0.999676406
1341846340.601909 0.050866127 0.086419962 0.444346577 -0.005371443 0.000238682 0.024515117 0.999684989
1341846340.634005 0.052196540 0.090409860 0.440490991 -0.004023472 -0.000121298 0.023026183 0.999726832
1341846340.666028 0.056305390 0.089663208 0.438701123 -0.004409608 0.000006750 0.021617265 0.999756634
1341846340.701946 0.059851572 0.087479167 0.437153786 -0.002682529 0.001249688 0.018852904 0.999817908
1341846340.733954 0.061280601 0.090736516 0.434132099 -0.001354184 0.002968509 0.016706642 0.999855161
1341846340.770081 0.061433449 0.089304641 0.433343083 -0.002424686 0.003431426 0.014518682 0.999885798
1341846340.801980 0.064354151 0.087270670 0.426772445 -0.002658955 0.004359651 0.008997758 0.999946535
1341846340.833999 0.064269796 0.092153348 0.426818609 -0.002248594 0.006782202 0.005242708 0.999960721
1341846340.870013 0.064251155 0.091487579 0.430076391 -0.003632061 0.006508523 0.004046506 0.999964058
1341846340.901955 0.067331411 0.088048376 0.427750885 -0.002902853 0.005957394 0.003140935 0.999973118
1341846340.933918 0.063996673 0.088864341 0.426690042 -0.001100202 0.005812817 0.006483183 0.999961495
1341846340.970122 0.064334191 0.092583425 0.423653364 0.000789106 0.002838525 0.011378161 0.999930978
1341846341.001922 0.063261360 0.087458767 0.421704441 0.001416133 -0.000938758 0.016177250 0.999867737
1341846341.037923 0.065214008 0.088127397 0.418348998 0.002683017 -0.003560522 0.018921949 0.999810994
1341846341.070300 0.064387664 0.088659115 0.418100476 0.003345795 -0.004241603 0.018642031 0.999811649
1341846341.102028 0.063444026 0.086626925 0.412130028 0.002805133 -0.005602284 0.019530455 0.999789655
1341846341.137982 0.064407080 0.087100588 0.409285337 0.003111151 -0.007424280 0.019195206 0.999783337
1341846341.170048 0.066013418 0.085661568 0.408684462 0.003562200 -0.008042258 0.020213839 0.999757051
1341846341.202110 0.066040725 0.082320586 0.401789427 0.004597344 -0.008428511 0.022082709 0.999710083
1341846341.237996 0.068308823 0.084394202 0.402356923 0.006667838 -0.008442607 0.022692420 0.999684632
1341846341.269883 0.064962655 0.084105924 0.399292499 0.007684481 -0.007459085 0.023243889 0.999672532
1341846341.306107 0.063203886 0.084497407 0.395448923 0.008350261 -0.008127620 0.022208277 0.999685526
1341846341.338109 0.065560497 0.084924243 0.392791122 0.009257751 -0.007735833 0.020037856 0.999726474
1341846341.370120 0.065113612 0.083949618 0.391525954 0.009629550 -0.006523925 0.017680032 0.999776065
1341846341.406074 0.061245099 0.082487397 0.393790215 0.009632067 -0.005832127 0.016795080 0.999795616
1341846341.438113 0.060344301 0.079005308 0.391416550 0.010588562 -0.007398210 0.016850419 0.999774635
1341846341.470024 0.063413665 0.082498245 0.385400236 0.013665169 -0.007871564 0.015321123 0.999758303
1341846341.506077 0.058642026 0.087986119 0.386049926 0.013931968 -0.006558860 0.014264232 0.999779701
1341846341.538156 0.055240799 0.089602299 0.395512968 0.013376907 -0.008286214 0.014794086 0.999766767
1341846341.574016 0.055382717 0.087085590 0.394451052 0.013970692 -0.010533606 0.015800990 0.999722123
1341846341.612466 0.058940522 0.089733422 0.391559124 0.014667721 -0.011725406 0.016242387 0.999691725
1341846341.643972 0.056946307 0.089951999 0.385752052 0.013549076 -0.012760633 0.015376464 0.999708593
1341846341.679982 0.053750910 0.086430505 0.387727857 0.013314708 -0.013830256 0.015426359 0.999696732
1341846341.712332 0.049799256 0.085792825 0.381983399 0.013871663 -0.015418466 0.018240416 0.999618590
1341846341.744185 0.053171594 0.085058659 0.382123679 0.014285577 -0.017863663 0.020401305 0.999530256
1341846341.780061 0.050911397 0.085261308 0.380266875 0.014792765 -0.018039636 0.020964967 0.999508023
1341846341.842595 0.056698088 0.081368499 0.376279444 0.016784441 -0.019566363 0.026750222 0.999309719
1341846341.906227 0.058587935 0.075647682 0.368834376 0.019619020 -0.020396976 0.031596407 0.999100029
1341846341.942069 0.059072174 0.073647775 0.366381288 0.022738222 -0.020518148 0.033922940 0.998955071
1341846341.974775 0.060054436 0.075229727 0.366681963 0.026338845 -0.020559074 0.034898933 0.998832226
1341846342.010161 0.058043681 0.075534411 0.359383672 0.027007667 -0.021815188 0.036932554 0.998714507
1341846342.042024 0.062731832 0.068793125 0.361349523 0.028166367 -0.022745717 0.036574185 0.998674989
1341846342.080032 0.065221280 0.073001131 0.354884118 0.030456824 -0.020622222 0.037141968 0.998632908
1341846342.112265 0.058639821 0.069917038 0.354723871 0.030557610 -0.019295188 0.039147921 0.998579741
1341846342.147954 0.061589308 0.062330965 0.355778664 0.032304808 -0.020912658 0.041446876 0.998399377
1341846342.179852 0.066557005 0.065734908 0.350339204 0.035462581 -0.020697022 0.042638209 0.998246491
1341846342.211848 0.065098807 0.067533642 0.352273673 0.036365025 -0.020001195 0.042107329 0.998250723
1341846342.247920 0.065393820 0.064936899 0.351332724 0.037350308 -0.019794805 0.040553056 0.998282909
1341846342.279870 0.065644309 0.064547278 0.350280285 0.038765386 -0.019259246 0.041329972 0.998207510
1341846342.316068 0.066806547 0.064493768 0.345288098 0.039871424 -0.019209670 0.042569831 0.998112798
1341846342.347894 0.067646161 0.066499762 0.346197367 0.040408015 -0.019367304 0.042632993 0.998085499
1341846342.379953 0.068936661 0.065958619 0.345717251 0.040496964 -0.018825807 0.042563405 0.998095214
1341846342.416195 0.066211693 0.066403404 0.346379995 0.041308284 -0.018229479 0.043353416 0.998039007
