1341846313.592026 0.0000000 0.0000000 0.0000000 -0.0000000 -0.0000000 -0.0000000 1.0000000
1341846313.853928 0.0517761 0.0028584 0.0022626 0.0002621 -0.0057382 0.0033685 0.9999778
1341846313.922055 0.0658142 0.0136955 -0.0026597 -0.0005394 -0.0041555 0.0057890 0.9999745
1341846313.957927 0.0856236 0.0091256 0.0143547 -0.0028178 -0.0020301 0.0059883 0.9999760
1341846314.022042 0.0896455 0.0151236 -0.0024176 -0.0060127 0.0068910 0.0094304 0.9999137
1341846314.122037 0.1224150 0.0210260 0.0007653 -0.0097677 0.0166152 0.0155957 0.9996926
1341846314.389899 0.1633950 0.0135467 -0.0016907 -0.0156189 0.0356241 0.0147447 0.9991344
1341846315.061965 0.2964306 0.0218571 0.0118634 -0.0096881 0.0887565 0.0267670 0.9956465
1341846315.161941 0.3111273 0.0406041 -0.0122180 -0.0085044 0.0873544 0.0301851 0.9956836
1341846315.230076 0.3221030 0.0337250 -0.0059971 -0.0190176 0.0836735 0.0225945 0.9960555
1341846315.298000 0.3238062 0.0231594 0.0070017 -0.0250666 0.0776225 0.0256527 0.9963375
1341846315.329931 0.3398274 0.0108311 0.0119959 -0.0225299 0.0750683 0.0283196 0.9965215
1341846315.397962 0.3551452 0.0147240 0.0100514 -0.0142814 0.0737620 0.0353116 0.9965482
1341846315.466047 0.3722237 0.0254103 0.0071921 -0.0096087 0.0780235 0.0386255 0.9961567
1341846315.566108 0.3659670 0.0282810 0.0103683 -0.0111896 0.0856400 0.0432188 0.9953254
1341846315.698114 0.3892236 0.0446017 -0.0152003 -0.0152438 0.0901440 0.0409209 0.9949710
1341846315.766041 0.3685774 0.0263142 0.0067332 -0.0198520 0.0935137 0.0421627 0.9945267
1341846316.034204 0.3405793 0.0132429 0.0132911 -0.0073646 0.1012810 0.0351731 0.9942086
1341846316.233979 0.2909495 0.0127578 0.0089784 -0.0035400 0.0933111 0.0263605 0.9952817
1341846316.502034 0.2294540 0.0089778 0.0019501 0.0094541 0.0909680 0.0316264 0.9953066
1341846316.570121 0.2178269 -0.0041093 0.0090153 0.0050323 0.0876632 0.0263639 0.9957885
1341846316.638009 0.2084295 -0.0131305 0.0052745 0.0087641 0.0857107 0.0273984 0.9959047
1341846316.770433 0.1789313 0.0010278 -0.0052107 0.0185808 0.0834674 0.0306751 0.9958649
1341846316.870034 0.1498903 -0.0043352 0.0133011 0.0207971 0.0798184 0.0327457 0.9960544
1341846317.106113 0.1011749 -0.0181166 -0.0087941 0.0229532 0.0654246 0.0347440 0.9969883
1341846317.137887 0.0854586 -0.0212727 -0.0060849 0.0252080 0.0604609 0.0394340 0.9970728
1341846317.248131 0.0589356 -0.0183714 0.0165886 0.0281179 0.0492605 0.0415182 0.9975265
1341846317.306289 0.0529244 -0.0119597 0.0188172 0.0304026 0.0425161 0.0464073 0.9975542
1341846317.542282 0.0057641 -0.0102413 0.0083206 0.0436784 0.0390785 0.0635824 0.9962542
1341846317.573943 0.0036971 -0.0160495 0.0010045 0.0431902 0.0394657 0.0615225 0.9963895
1341846317.610159 -0.0098952 -0.0252730 0.0152540 0.0448277 0.0428421 0.0611030 0.9962035
1341846317.643553 -0.0241805 -0.0160674 0.0092019 0.0483478 0.0422502 0.0649033 0.9958237
1341846317.677993 -0.0288979 -0.0137848 0.0169050 0.0493981 0.0386346 0.0666831 0.9958015
1341846317.709996 -0.0406368 -0.0187933 0.0147666 0.0513231 0.0370398 0.0658570 0.9958197
1341846317.909910 -0.0845304 -0.0210006 0.0190655 0.0451488 0.0336237 0.0539764 0.9969541
1341846318.214074 -0.1665394 -0.0240563 0.0225875 0.0491511 0.0262857 0.0417705 0.9975713
1341846318.245970 -0.1866331 -0.0336370 0.0033298 0.0513004 0.0216474 0.0432995 0.9975093
1341846318.313937 -0.2065738 -0.0278025 0.0174418 0.0576425 0.0119415 0.0416162 0.9973980
1341846318.414072 -0.2228438 -0.0324805 0.0183651 0.0624181 -0.0109757 0.0406111 0.9971631
1341846318.883516 -0.3530712 -0.0395915 0.0173688 0.0733366 -0.0428389 0.0336094 0.9958198
1341846318.918047 -0.3731942 -0.0343090 -0.0032110 0.0763557 -0.0536765 0.0313676 0.9951406
1341846318.950044 -0.3634213 -0.0489584 0.0063410 0.0774176 -0.0642456 0.0306262 0.9944552
1341846318.982028 -0.3755099 -0.0399010 0.0026181 0.0797447 -0.0672918 0.0261759 0.9941969
1341846319.050745 -0.3883353 -0.0532255 0.0234253 0.0796767 -0.0794155 0.0257209 0.9933193
1341846319.081905 -0.3800414 -0.0434426 0.0220241 0.0862602 -0.0809563 0.0241825 0.9926835
1341846319.117976 -0.4023813 -0.0351166 0.0056406 0.0889159 -0.0792965 0.0283904 0.9924717
1341846319.150093 -0.4180722 -0.0435305 -0.0004334 0.0899878 -0.0826514 0.0360032 0.9918542
1341846319.386163 -0.4650034 -0.0285556 0.0024750 0.0845777 -0.0732141 0.0549047 0.9922056
1341846319.418386 -0.4696060 -0.0282387 -0.0197457 0.0855672 -0.0781507 0.0552404 0.9917254
1341846319.822008 -0.5627622 -0.0241395 -0.0072152 0.0702265 -0.1053345 0.0516002 0.9906111
1341846320.357890 -0.4908095 -0.0368032 0.0368140 0.1035099 -0.1228935 0.0560708 0.9854131
1341846320.390064 -0.4770007 -0.0360861 0.0282489 0.1051757 -0.1191900 0.0552271 0.9857392
1341846320.458122 -0.4496787 -0.0329730 0.0631291 0.1088875 -0.1050849 0.0495725 0.9872402
1341846320.490186 -0.4328611 -0.0406821 0.0347609 0.1121472 -0.0975839 0.0492984 0.9876589
1341846320.558091 -0.4017684 -0.0370692 0.0216122 0.1163771 -0.0872003 0.0445985 0.9883640
1341846320.799999 -0.3197317 -0.0343805 0.0124363 0.1126350 -0.0632294 0.0322050 0.9910995
1341846320.831871 -0.3073798 -0.0271280 -0.0363487 0.1160560 -0.0491090 0.0247057 0.9917202
1341846322.433955 -0.0211321 -0.1600928 0.0607267 0.0534722 0.0247765 -0.0020225 0.9982599
1341846322.502433 -0.0108227 -0.1761494 0.0570360 0.0683702 0.0164859 0.0054534 0.9975089
1341846325.450747 0.0091275 -0.1239112 0.1064242 0.0725395 -0.0130544 0.0197419 0.9970847
1341846325.885958 -0.0410279 -0.0029626 0.1300559 0.1100395 0.0112158 0.0420581 0.9929737
1341846325.921984 -0.0328336 0.0015343 0.1422897 0.1090587 0.0064785 0.0468751 0.9929084
1341846325.953899 -0.0215573 0.0005292 0.1451397 0.1115166 0.0061819 0.0488951 0.9925398
1341846325.985823 -0.0279223 0.0144485 0.1472844 0.1144653 0.0094341 0.0529975 0.9919677
1341846326.021991 -0.0348295 0.0182653 0.1482354 0.1175037 0.0101518 0.0576927 0.9913433
1341846326.054055 -0.0303902 0.0316914 0.1477467 0.1228094 0.0088855 0.0617849 0.9904653
1341846326.089984 -0.0228727 0.0505291 0.1578950 0.1259954 0.0100965 0.0615369 0.9900689
1341846326.121822 -0.0215748 0.0648037 0.1610922 0.1257534 0.0142400 0.0598464 0.9901524
1341846326.154079 -0.0312120 0.0648570 0.1690794 0.1262026 0.0172446 0.0574878 0.9901872
1341846326.190178 -0.0364808 0.0693882 0.1598413 0.1279860 0.0171802 0.0592158 0.9898576
1341846326.591828 -0.0335081 0.1887925 0.1970082 0.1104189 0.0212782 0.0771242 0.9906598
1341846326.694856 -0.0386226 0.2311072 0.2109040 0.1052393 0.0306749 0.0739062 0.9912223
1341846326.762753 -0.0292308 0.2608094 0.2103213 0.0939359 0.0333205 0.0707200 0.9925041
1341846326.895360 -0.0406829 0.2909661 0.2275707 0.0682966 0.0404112 0.0670701 0.9945874
1341846326.994594 -0.0379392 0.3218731 0.2147030 0.0729370 0.0353095 0.0733132 0.9940114
1341846327.193867 -0.0264042 0.3803532 0.2275132 0.0651945 0.0401000 0.0643942 0.9949850
1341846327.262014 -0.0140354 0.4059475 0.2333367 0.0658270 0.0469306 0.0592659 0.9949632
1341846327.294023 -0.0165353 0.4073847 0.2304092 0.0687898 0.0599574 0.0560827 0.9942474
1341846327.393887 -0.0216410 0.4593234 0.2432971 0.0683682 0.0775466 0.0382366 0.9939066
1341846327.429966 -0.0362785 0.4839795 0.2447860 0.0671348 0.0787040 0.0378060 0.9939162
1341846327.461965 -0.0496880 0.4951059 0.2507769 0.0581548 0.0758525 0.0368651 0.9947389
1341846327.561895 -0.0425095 0.5198674 0.2709651 0.0508041 0.0710279 0.0433711 0.9952351
1341846327.662003 -0.0458063 0.5401598 0.2727104 0.0523294 0.0600580 0.0440644 0.9958479
1341846327.697919 -0.0483396 0.5608671 0.2719765 0.0553318 0.0595026 0.0433533 0.9957501
1341846327.797917 -0.0515878 0.6121770 0.2783871 0.0434017 0.0575414 0.0480474 0.9962413
1341846328.133967 -0.0472790 0.6522239 0.2870180 0.0035257 0.0585672 0.0468003 0.9971796
1341846328.333917 -0.0477100 0.5772411 0.2708877 0.0117273 0.0495092 0.0480787 0.9975469
1341846328.402010 -0.0623182 0.5325263 0.2721360 0.0284320 0.0536120 0.0484298 0.9969814
1341846328.470003 -0.0445216 0.4947497 0.2576492 0.0312953 0.0483472 0.0393065 0.9975662
1341846328.602804 -0.0360752 0.3888457 0.2392396 0.0372868 0.0467378 0.0395513 0.9974272
1341846331.382003 0.0170812 -0.0856358 0.0879507 0.0242426 -0.0451260 0.0320148 0.9981738
1341846331.986135 0.0078744 -0.0576551 0.2275802 0.0432619 0.0054180 0.0263007 0.9987029
1341846332.354003 -0.0051106 -0.0502967 0.3588960 0.0582490 0.0111394 0.0239252 0.9979532
1341846332.621889 -0.0055715 -0.0161008 0.4303997 0.0548141 0.0101527 0.0331330 0.9978951
1341846332.857898 0.0108007 -0.0141570 0.5024120 0.0464614 0.0121699 0.0345308 0.9982489
1341846333.262056 0.0509939 0.0252426 0.5822437 0.0280252 0.0261687 0.0341647 0.9986804
1341846333.462115 0.0645531 0.0265726 0.6075190 0.0155585 0.0205504 0.0286073 0.9992584
1341846333.997985 0.0500928 0.0185837 0.5676532 0.0266871 0.0288809 0.0251808 0.9989092
1341846334.365871 0.0222563 0.0219084 0.4894129 0.0378097 0.0277562 0.0265230 0.9985473
1341846334.702085 -0.0179013 0.0134915 0.4101521 0.0238939 0.0168383 0.0128401 0.9994903
1341846335.741982 -0.0718895 0.0150386 0.1117498 0.0459127 0.0051623 0.0135649 0.9988400
1341846335.806271 -0.0767486 0.0253107 0.0890051 0.0445974 0.0052493 0.0130611 0.9989059
1341846335.910005 -0.0832613 0.0229848 0.0531740 0.0426675 0.0078011 0.0143316 0.9989561
1341846335.974198 -0.0867840 0.0229176 0.0378772 0.0416178 0.0050565 0.0126779 0.9990404
1341846336.346143 -0.1169509 0.0288039 -0.0587825 0.0436365 -0.0046055 0.0175304 0.9988831
1341846336.410032 -0.1227416 0.0292038 -0.0759966 0.0455036 -0.0033035 0.0160071 0.9988305
1341846336.477990 -0.1224454 0.0318008 -0.0920821 0.0439830 -0.0041194 0.0162424 0.9988918
1341846336.546024 -0.1265659 0.0299551 -0.1051193 0.0450471 -0.0033249 0.0187223 0.9988039
1341846336.578003 -0.1289826 0.0374198 -0.1130943 0.0452497 -0.0036825 0.0203974 0.9987606
1341846336.614020 -0.1251876 0.0377126 -0.1161155 0.0447026 -0.0033151 0.0193996 0.9988065
1341846336.645982 -0.1307251 0.0439600 -0.1261892 0.0437671 -0.0017843 0.0191952 0.9988558
1341846336.714024 -0.1401663 0.0300474 -0.1278656 0.0427763 -0.0055454 0.0193282 0.9988823
1341846336.778014 -0.1497605 0.0350071 -0.1496041 0.0493092 -0.0111641 0.0249491 0.9984095
1341846336.820006 -0.1473519 0.0406413 -0.1521622 0.0502587 -0.0151376 0.0267551 0.9982631
1341846336.882056 -0.1549199 0.0377931 -0.1617266 0.0528301 -0.0168750 0.0252104 0.9981426
1341846336.914273 -0.1576863 0.0289947 -0.1754794 0.0544070 -0.0211283 0.0279951 0.9979027
1341846336.945998 -0.1517609 0.0258955 -0.1768210 0.0605635 -0.0285755 0.0310863 0.9972708
1341846336.981980 -0.1620792 0.0505044 -0.1850063 0.0652608 -0.0313533 0.0280911 0.9969799
1341846337.014238 -0.1612789 0.0537936 -0.1900069 0.0624186 -0.0341082 0.0256577 0.9971370
1341846337.046017 -0.1557625 0.0498388 -0.1861608 0.0599073 -0.0358205 0.0211435 0.9973369
1341846337.150037 -0.1597834 0.0509215 -0.1976692 0.0558865 -0.0402257 0.0165949 0.9974884
1341846337.181873 -0.1531219 0.0503582 -0.2060975 0.0553864 -0.0403219 0.0134757 0.9975595
1341846337.250087 -0.1771107 0.0415697 -0.2142033 0.0499397 -0.0390145 0.0119166 0.9979188
1341846337.282028 -0.1708173 0.0435470 -0.2143226 0.0511949 -0.0436658 0.0157485 0.9976093
1341846337.317920 -0.1630172 0.0479225 -0.2174195 0.0510548 -0.0454697 0.0160704 0.9975308
1341846337.350018 -0.1650368 0.0548250 -0.2187799 0.0498321 -0.0447649 0.0160013 0.9976256
1341846337.382159 -0.1584030 0.0464475 -0.2183079 0.0466464 -0.0448932 0.0142239 0.9978008
1341846337.417941 -0.1660176 0.0401686 -0.2188262 0.0471891 -0.0439030 0.0143554 0.9978175
1341846337.450137 -0.1681658 0.0477816 -0.2279937 0.0480163 -0.0456499 0.0155682 0.9976814
1341846337.482096 -0.1638813 0.0456939 -0.2222618 0.0465709 -0.0462267 0.0162705 0.9977121
1341846337.518008 -0.1644894 0.0398697 -0.2292904 0.0471897 -0.0466334 0.0166568 0.9976578
1341846337.585971 -0.1645316 0.0482376 -0.2285073 0.0451805 -0.0476986 0.0137628 0.9977446
1341846337.617903 -0.1601367 0.0245306 -0.2313064 0.0449954 -0.0484582 0.0142006 0.9977102
1341846337.650141 -0.1621458 0.0458312 -0.2295755 0.0487918 -0.0485857 0.0135084 0.9975351
1341846337.718002 -0.1580119 0.0476671 -0.2243138 0.0451522 -0.0482937 0.0143198 0.9977094
1341846337.749920 -0.1571243 0.0497458 -0.2265624 0.0449638 -0.0461755 0.0133210 0.9978320
1341846337.786157 -0.1539937 0.0535760 -0.2197440 0.0418713 -0.0437087 0.0137103 0.9980723
1341846337.817945 -0.1519441 0.0496031 -0.2122248 0.0395363 -0.0416998 0.0150726 0.9982339
1341846337.854071 -0.1487138 0.0529091 -0.2110434 0.0383850 -0.0385585 0.0143542 0.9984156
1341846337.885951 -0.1522327 0.0613877 -0.2079199 0.0357243 -0.0359910 0.0124985 0.9986352
1341846337.918223 -0.1495771 0.0605872 -0.1978128 0.0315141 -0.0347923 0.0098526 0.9988490
1341846337.954120 -0.1556333 0.0572273 -0.1910746 0.0291103 -0.0329055 0.0089770 0.9989941
1341846337.985994 -0.1466464 0.0643588 -0.1864763 0.0265697 -0.0328197 0.0100802 0.9990572
1341846338.018107 -0.1469996 0.0612162 -0.1768352 0.0229516 -0.0309263 0.0108099 0.9991997
1341846338.054055 -0.1434120 0.0632944 -0.1805167 0.0206502 -0.0295835 0.0098860 0.9993001
1341846338.085986 -0.1377468 0.0656121 -0.1636654 0.0174433 -0.0268398 0.0099532 0.9994380
1341846338.121875 -0.1388944 0.0611477 -0.1535177 0.0152526 -0.0244608 0.0116898 0.9995161
1341846338.154089 -0.1431949 0.0632767 -0.1481693 0.0146405 -0.0236576 0.0149705 0.9995008
1341846338.186029 -0.1390241 0.0604327 -0.1408638 0.0130927 -0.0242628 0.0173393 0.9994695
1341846338.222071 -0.1325771 0.0631097 -0.1360724 0.0118794 -0.0234566 0.0168908 0.9995116
1341846338.254107 -0.1320522 0.0597226 -0.1196143 0.0099921 -0.0217023 0.0177226 0.9995574
1341846338.321952 -0.1324931 0.0655844 -0.1052243 0.0109868 -0.0205124 0.0208354 0.9995121
1341846338.389969 -0.1297173 0.0689320 -0.0871253 0.0100366 -0.0190980 0.0214726 0.9995366
1341846338.422377 -0.1285117 0.0667429 -0.0742645 0.0080772 -0.0187837 0.0216059 0.9995575
1341846338.558058 -0.1228409 0.0745436 -0.0385278 0.0059626 -0.0195031 0.0198257 0.9995954
1341846338.690198 -0.1105272 0.0771769 0.0018400 0.0029000 -0.0202827 0.0220424 0.9995471
1341846338.757945 -0.1129627 0.0783872 0.0209762 0.0025052 -0.0188802 0.0239891 0.9995308
1341846338.858027 -0.1028160 0.0794269 0.0515803 0.0005699 -0.0190317 0.0220394 0.9995758
1341846338.889902 -0.1003511 0.0785182 0.0621130 -0.0020740 -0.0201215 0.0219204 0.9995551
1341846338.990057 -0.0916108 0.0752265 0.0971883 -0.0023640 -0.0178003 0.0201037 0.9996367
1341846339.157969 -0.0731549 0.0902211 0.1499342 -0.0034714 -0.0145182 0.0188838 0.9997103
1341846339.326577 -0.0750717 0.1079495 0.1926612 -0.0142275 -0.0134717 0.0258054 0.9994749
1341846339.496743 -0.0403846 0.1070155 0.2446684 -0.0198945 -0.0129836 0.0207404 0.9995027
1341846339.731977 -0.0230848 0.1014652 0.3059960 -0.0157067 -0.0019435 0.0162533 0.9997427
1341846340.098009 0.0072140 0.0916725 0.3829846 -0.0118218 0.0054635 0.0224996 0.9996620
1341846341.538156 0.0552408 0.0896023 0.3955130 0.0133769 -0.0082862 0.0147941 0.9997668
