1341845688.561749 0.0000000 0.0000000 0.0000000 -0.0000000 -0.0000000 -0.0000000 1.0000000
1341845688.629688 -0.0113495 -0.0043292 -0.0067370 0.0015257 -0.0064077 0.0054143 0.9999636
1341845688.663680 -0.0132020 -0.0088294 -0.0062246 0.0026847 -0.0116315 0.0111016 0.9998671
1341845688.697719 -0.0108501 -0.0110724 -0.0103856 0.0055093 -0.0174399 0.0179676 0.9996713
1341845688.761762 -0.0076495 -0.0094462 -0.0223207 0.0123058 -0.0272572 0.0197369 0.9993578
1341845688.929779 -0.0227323 0.0101940 -0.0415150 0.0155373 -0.0284327 0.0196017 0.9992827
1341845689.029751 -0.0100869 0.0266984 -0.0527060 0.0119405 -0.0300310 0.0090498 0.9994367
1341845689.165884 -0.0147925 0.0396799 -0.0513675 0.0007463 -0.0253835 0.0156143 0.9995556
1341845689.601682 -0.0312549 0.0266057 -0.0649064 0.0049925 -0.0305293 0.0088434 0.9994823
1341845689.969679 -0.0358111 0.0404619 -0.0682798 0.0146247 -0.0533108 -0.0039064 0.9984633
1341845691.613857 -0.0081902 0.0360854 -0.0666770 0.0170499 -0.0446066 -0.0188655 0.9986810
1341845692.049676 -0.0079809 0.0399680 -0.0689819 0.0233176 -0.0505338 -0.0103760 0.9983962
1341845692.685749 -0.0020813 0.0332442 -0.0827923 0.0327839 -0.0530889 -0.0163846 0.9979170
1341845693.254518 -0.0073159 0.0338421 -0.0950475 0.0408308 -0.0524780 -0.0187570 0.9976107
1341845693.622158 0.0082358 0.0385687 -0.0894732 0.0475051 -0.0424078 -0.0229183 0.9977072
1341845695.503710 0.0195717 0.0358426 -0.0934629 0.0624262 -0.0635555 -0.0095842 0.9959779
1341845696.137759 0.0271054 0.0387821 -0.0901354 0.0528754 -0.0724811 -0.0023404 0.9959645
1341845697.241685 0.0404766 0.0497599 -0.0763697 0.0291796 -0.0671273 0.0069804 0.9972932
1341845699.153695 0.0484815 0.0546727 -0.0807796 0.0174292 -0.0798466 -0.0010553 0.9966542
1341845700.225771 0.0572532 0.0502852 -0.0718726 0.0205072 -0.0760089 -0.0011868 0.9968956
1341845702.973595 0.0627280 0.0477983 -0.0640343 0.0182757 -0.0692127 -0.0064895 0.9974135
1341845704.717704 0.0653657 0.0487129 -0.0656365 0.0302515 -0.0643441 -0.0092132 0.9974266
1341845705.421801 0.0633180 0.0503223 -0.0661403 0.0272227 -0.0701624 -0.0176249 0.9970083
1341845705.895623 0.0619155 0.0507315 -0.0652354 0.0353703 -0.0750254 -0.0115648 0.9964870
1341845707.397796 0.0926467 0.0448472 -0.0392142 0.0407979 -0.0669038 0.0000379 0.9969250
1341845707.698455 0.1002440 0.0399476 -0.0469860 0.0448547 -0.0580913 0.0015586 0.9973019
