1341845688.561749 0.000000000 0.000000000 0.000000000 -0.000000000 -0.000000000 -0.000000000 1.000000000
1341845688.593654 -0.004500231 -0.007572681 -0.005044894 -0.000387288 -0.002426907 0.003422708 0.999991119
1341845688.629688 -0.011349494 -0.004329161 -0.006736957 0.001525747 -0.006407735 0.005414338 0.999963641
1341845688.663680 -0.013202012 -0.008829360 -0.006224640 0.002684671 -0.011631475 0.011101623 0.999867141
1341845688.697719 -0.010850093 -0.011072358 -0.010385556 0.005509297 -0.017439948 0.017967561 0.999671280
1341845688.729899 -0.018455409 -0.009875262 -0.019252932 0.009737107 -0.022481577 0.019913737 0.999501467
1341845688.761762 -0.007649497 -0.009446176 -0.022320665 0.012305794 -0.027257187 0.019736864 0.999357820
1341845688.797687 0.007993161 -0.008196505 -0.028830146 0.013622105 -0.029006887 0.019723987 0.999291778
1341845688.829892 -0.001149877 0.001656035 -0.026181031 0.015152434 -0.025279595 0.016924700 0.999422312
1341845688.865774 -0.004234644 0.004895000 -0.025571523 0.014991077 -0.024844646 0.017979477 0.999417186
1341845688.929779 -0.022732282 0.010193978 -0.041515045 0.015537282 -0.028432652 0.019601742 0.999282718
1341845688.965631 -0.000651514 0.009607566 -0.040457565 0.015013142 -0.035157844 0.019182768 0.999084890
1341845688.997750 0.003419095 0.020551773 -0.047296647 0.014953312 -0.035353236 0.015709331 0.999139547
1341845689.029751 -0.010086864 0.026698427 -0.052706007 0.011940542 -0.030031025 0.009049758 0.999436677
1341845689.065755 -0.014597425 0.024546528 -0.055665568 0.007591016 -0.027787944 0.008110832 0.999552131
1341845689.097725 -0.015226004 0.023224792 -0.063361593 0.003493991 -0.026932580 0.011311961 0.999567151
1341845689.133718 -0.011674535 0.023494564 -0.056008656 0.001067185 -0.026540458 0.013674289 0.999553680
1341845689.165884 -0.014792535 0.039679918 -0.051367469 0.000746347 -0.025383478 0.015614337 0.999555588
1341845689.198264 -0.012522433 0.041969296 -0.053015493 -0.002048475 -0.025557803 0.017976770 0.999509633
1341845689.234322 -0.007445839 0.023191653 -0.053950544 -0.007850687 -0.025229350 0.019688591 0.999457002
1341845689.265745 -0.012499373 0.022822868 -0.055401597 -0.009207932 -0.024021653 0.021359563 0.999440849
1341845689.297769 -0.014388435 0.033491645 -0.055065196 -0.008622793 -0.024292061 0.021757206 0.999430954
1341845689.333650 -0.014444348 0.023052268 -0.061835229 -0.011754741 -0.023057306 0.022307994 0.999416173
1341845689.365881 -0.013712471 0.019154457 -0.058457348 -0.011983491 -0.022949543 0.022475228 0.999412179
1341845689.401592 -0.021758307 0.034567386 -0.056003544 -0.008249762 -0.022830529 0.022524480 0.999451518
1341845689.433744 -0.020776749 0.038141254 -0.053010143 -0.007095640 -0.023865256 0.022319853 0.999440849
1341845689.465651 -0.018070782 0.014656708 -0.055287432 -0.008091822 -0.026047230 0.022869736 0.999366343
1341845689.501840 -0.019537127 0.016535839 -0.061633006 -0.004225421 -0.029059302 0.020112824 0.999366403
1341845689.533687 -0.013225164 0.015847126 -0.065223776 -0.002208777 -0.031640902 0.014907381 0.999385774
1341845689.565814 -0.023469117 0.023645775 -0.063688487 0.001674708 -0.029845599 0.010110368 0.999502003
1341845689.601682 -0.031254936 0.026605692 -0.064906433 0.004992514 -0.030529303 0.008843382 0.999482334
1341845689.633591 -0.024378283 0.028636876 -0.065932550 0.007175518 -0.034798991 0.004737013 0.999357343
1341845689.669672 -0.024307312 0.033815514 -0.065544136 0.008921774 -0.036584828 0.003077686 0.999286056
1341845689.701700 -0.026798991 0.031991240 -0.066956528 0.009870342 -0.038499366 0.002017355 0.999207854
1341845689.733773 -0.024229527 0.035437547 -0.072803646 0.010267220 -0.041810527 0.001794904 0.999071240
1341845689.769822 -0.024515806 0.036909416 -0.068737127 0.011005444 -0.043156162 -0.000127032 0.999007702
1341845689.802003 -0.032043967 0.030462325 -0.071448773 0.010015940 -0.043856390 -0.000855559 0.998987317
1341845689.833757 -0.029068481 0.033405464 -0.070882566 0.011475616 -0.047315806 -0.002125086 0.998811781
1341845689.869861 -0.033806376 0.034896921 -0.066943005 0.012649624 -0.048871387 -0.003492608 0.998718917
1341845689.901825 -0.029891085 0.033455960 -0.069275908 0.012455144 -0.050921895 -0.003122258 0.998620152
1341845689.937674 -0.033959921 0.034882970 -0.070740946 0.013789399 -0.052641314 -0.002734179 0.998514533
1341845689.969679 -0.035811074 0.040461916 -0.068279848 0.014624670 -0.053310771 -0.003906403 0.998463273
1341845690.003830 -0.036587734 0.041682877 -0.069808863 0.014763270 -0.053186052 -0.003853722 0.998468101
1341845690.037686 -0.035433393 0.040680267 -0.068403438 0.014843112 -0.053826969 -0.005924874 0.998422384
1341845690.069636 -0.035583496 0.040727016 -0.068881966 0.015197417 -0.053414084 -0.005711521 0.998440504
1341845690.106587 -0.038762737 0.036586102 -0.073236756 0.014196545 -0.053105731 -0.005176278 0.998474658
1341845690.138859 -0.035364635 0.040971410 -0.069403127 0.014708867 -0.054285217 -0.005907126 0.998399675
1341845690.169919 -0.037184086 0.039094586 -0.068799227 0.014706016 -0.053260129 -0.005705603 0.998456061
1341845690.206103 -0.036339000 0.040678199 -0.070604153 0.014343554 -0.053458814 -0.005297651 0.998453021
1341845690.237700 -0.034752324 0.040504284 -0.067584664 0.013790972 -0.054404769 -0.005508780 0.998408556
1341845690.269981 -0.040682111 0.036313850 -0.071132854 0.013810525 -0.054785766 -0.006158576 0.998383641
1341845690.306143 -0.041567542 0.034748800 -0.070941202 0.013784120 -0.055697441 -0.007177046 0.998326778
1341845690.338646 -0.041164946 0.038075481 -0.073142342 0.013521019 -0.055887979 -0.007039002 0.998320699
1341845690.373833 -0.040404744 0.038038269 -0.073763035 0.012547937 -0.056397066 -0.006545632 0.998308122
1341845690.405976 -0.032141387 0.042441133 -0.068957172 0.013391682 -0.057912055 -0.007254712 0.998205483
1341845690.437908 -0.031213697 0.043218333 -0.069699578 0.013590565 -0.057675511 -0.007189173 0.998217046
1341845690.473654 -0.033385418 0.043278724 -0.070357643 0.013579355 -0.058121383 -0.005571993 0.998201609
1341845690.505978 -0.031581786 0.043073054 -0.069813460 0.014164077 -0.060016327 -0.005420526 0.998082221
1341845690.537884 -0.040385798 0.035959009 -0.072562620 0.013200321 -0.058345445 -0.009021989 0.998168409
1341845690.573708 -0.035475936 0.036434557 -0.069724612 0.012527950 -0.057993662 -0.007318310 0.998211563
1341845690.605848 -0.038929079 0.035234299 -0.067197293 0.012192850 -0.057012279 -0.006484868 0.998277962
1341845690.641747 -0.039160717 0.037248179 -0.070283465 0.013424325 -0.057349015 -0.006585919 0.998242259
1341845690.673751 -0.032201491 0.041087594 -0.065938577 0.014005015 -0.057644516 -0.006985541 0.998214543
1341845690.706003 -0.031952318 0.041942377 -0.066007219 0.014501989 -0.056408785 -0.006763704 0.998279572
1341845690.741684 -0.032321703 0.036885463 -0.067415938 0.014464768 -0.055773728 -0.008006160 0.998306632
1341845690.773770 -0.032864235 0.038920399 -0.063313462 0.015116195 -0.055043269 -0.007735402 0.998339653
1341845690.805715 -0.033663053 0.039035194 -0.063573234 0.015399285 -0.053975176 -0.006611712 0.998401642
1341845690.841674 -0.034803156 0.033296268 -0.065805182 0.014688864 -0.053035926 -0.007091643 0.998459458
1341845690.873770 -0.032203682 0.040241886 -0.063484028 0.015636513 -0.052685387 -0.006812879 0.998465538
1341845690.909837 -0.032467924 0.039526060 -0.064473130 0.015001275 -0.051734556 -0.005666391 0.998532116
1341845690.941576 -0.030855395 0.041412223 -0.064650543 0.015151812 -0.051811099 -0.005869530 0.998524666
1341845690.973879 -0.032484233 0.038243826 -0.061346103 0.014800526 -0.051181588 -0.005921846 0.998562157
1341845691.011558 -0.034082476 0.038458928 -0.064652406 0.014519841 -0.049930718 -0.004991102 0.998634696
1341845691.077986 -0.032876838 0.038534243 -0.061195742 0.015199260 -0.050406020 -0.006227271 0.998593807
1341845691.109685 -0.030735141 0.038815893 -0.058843352 0.015781278 -0.050005432 -0.006587621 0.998602569
1341845691.141759 -0.024686838 0.033951201 -0.064268216 0.015403300 -0.049746078 -0.005285767 0.998629153
1341845691.177729 -0.026813859 0.034370955 -0.065458685 0.016169157 -0.049807925 -0.006908140 0.998604119
1341845691.209644 -0.023437900 0.036700144 -0.063851729 0.016598968 -0.050380994 -0.008622355 0.998554945
1341845691.241757 -0.022606743 0.038617641 -0.067354567 0.016610714 -0.049215056 -0.008339656 0.998615324
1341845691.277595 -0.031200791 0.033040162 -0.066348322 0.016778994 -0.047973078 -0.007515846 0.998679459
1341845691.310138 -0.035300884 0.038317431 -0.066294871 0.018118037 -0.049229015 -0.009842623 0.998574674
1341845691.345620 -0.021632893 0.040048305 -0.064669847 0.018164899 -0.050935544 -0.009883496 0.998487890
1341845691.378062 -0.022800468 0.034191724 -0.066372328 0.017855141 -0.048311155 -0.011433205 0.998607337
1341845691.451922 -0.022593740 0.046879422 -0.067054190 0.020149807 -0.048044674 -0.012678497 0.998561442
1341845691.509739 -0.025650751 0.035146333 -0.064689398 0.017551977 -0.046206791 -0.011771847 0.998708367
1341845691.545833 -0.017020380 0.037891477 -0.073148757 0.018041523 -0.047860052 -0.012876168 0.998608053
1341845691.578399 -0.016651126 0.036225788 -0.072614275 0.016952578 -0.046494480 -0.016354986 0.998640776
1341845691.613857 -0.008190182 0.036085363 -0.066677004 0.017049856 -0.044606619 -0.018865529 0.998681009
1341845691.645632 -0.002315074 0.042149797 -0.063130029 0.019179827 -0.042811178 -0.019932413 0.998700261
1341845691.677793 -0.014587224 0.038628902 -0.066484571 0.019563437 -0.040760696 -0.018596526 0.998804331
1341845691.713727 -0.019183418 0.041341417 -0.060530402 0.020191107 -0.041990623 -0.015772851 0.998789430
1341845691.746050 -0.009636297 0.042052504 -0.063803151 0.020846725 -0.043383557 -0.017509241 0.998687506
1341845691.778411 -0.000884333 0.047484137 -0.069355711 0.020387966 -0.042023990 -0.018416272 0.998738825
1341845691.813646 -0.011438705 0.040278327 -0.069628976 0.018085558 -0.039300587 -0.017018879 0.998918831
1341845691.845603 -0.011196140 0.036024332 -0.070208527 0.017599074 -0.040361151 -0.016382638 0.998895884
1341845691.881595 -0.005534857 0.043959580 -0.067195781 0.019058380 -0.042292129 -0.017220559 0.998775125
1341845691.913600 -0.003827246 0.043732952 -0.065238215 0.019176830 -0.041309193 -0.018147046 0.998797536
1341845691.945997 -0.016483840 0.040279448 -0.063987710 0.019265143 -0.040183965 -0.015072021 0.998892903
1341845691.981657 -0.013065959 0.037675358 -0.067159489 0.020771069 -0.045385055 -0.011503544 0.998687387
1341845692.013904 -0.010719486 0.040214904 -0.065091692 0.023111530 -0.049490709 -0.010922743 0.998447478
1341845692.049676 -0.007980901 0.039967965 -0.068981946 0.023317629 -0.050533794 -0.010376042 0.998396218
1341845692.081862 -0.008227280 0.033162963 -0.069342628 0.022912268 -0.051360395 -0.010735573 0.998359621
1341845692.113695 -0.007009139 0.032391410 -0.072589330 0.023185261 -0.052645437 -0.010979963 0.998283744
1341845692.149736 0.001007425 0.035079271 -0.069372915 0.023357322 -0.053055953 -0.011142747 0.998256147
1341845692.182123 -0.003428127 0.025978118 -0.069606088 0.023011353 -0.051446076 -0.011393545 0.998345613
1341845692.213661 -0.002052654 0.033619042 -0.070237383 0.025213456 -0.052101120 -0.010077058 0.998272657
1341845692.249828 -0.000707310 0.033937380 -0.071509197 0.025087923 -0.052011739 -0.010761128 0.998273313
1341845692.282146 -0.002588140 0.028740058 -0.073277771 0.023697697 -0.050897293 -0.011177843 0.998360217
1341845692.317711 -0.004750256 0.028681781 -0.073929705 0.023427835 -0.051388301 -0.011298320 0.998340011
1341845692.349688 -0.001471974 0.031059854 -0.070912801 0.024304548 -0.053071741 -0.011446626 0.998229265
1341845692.381560 0.004592755 0.030411294 -0.074063592 0.025468340 -0.053826496 -0.012275837 0.998150051
1341845692.417776 -0.001227658 0.030234646 -0.074008323 0.026433051 -0.052504171 -0.014153188 0.998170495
1341845692.449672 -0.002671804 0.029590979 -0.071335457 0.027010381 -0.052475169 -0.015245026 0.998140514
1341845692.481594 -0.003982423 0.025953654 -0.078002691 0.027387464 -0.052506331 -0.015893504 0.998118520
1341845692.517778 0.003669165 0.023667241 -0.079592325 0.028195819 -0.054089431 -0.015279568 0.998021007
1341845692.549744 0.000905366 0.026544381 -0.081374556 0.030091297 -0.053647850 -0.016141240 0.997975945
1341845692.585822 -0.002479006 0.020907398 -0.082801200 0.029635342 -0.053201672 -0.018168489 0.997978568
1341845692.617836 -0.003187123 0.037946641 -0.067737333 0.032733981 -0.052059159 -0.017963795 0.997945726
1341845692.649770 -0.002964010 0.035695989 -0.076512970 0.033001527 -0.051984165 -0.016616004 0.997964144
1341845692.685749 -0.002081348 0.033244163 -0.082792267 0.032783881 -0.053088907 -0.016384564 0.997916996
1341845692.717676 0.001156773 0.031494375 -0.081119366 0.032871112 -0.053230852 -0.016604902 0.997902989
1341845692.749897 -0.002598179 0.029099697 -0.085316435 0.032634165 -0.051263567 -0.016055815 0.998022735
1341845692.785833 -0.006387603 0.022746826 -0.091794141 0.032685306 -0.051297802 -0.016759513 0.998007655
1341845692.817657 -0.004933142 0.027835323 -0.087071165 0.034661029 -0.052293938 -0.020805076 0.997813165
1341845692.853833 -0.002803454 0.024607966 -0.089868411 0.035019413 -0.051267087 -0.021482684 0.997839570
1341845692.885614 -0.007731677 0.026663126 -0.090506919 0.036909543 -0.050440937 -0.022317687 0.997795224
1341845692.917728 -0.007256227 0.028943898 -0.089829877 0.038068105 -0.051153883 -0.023047647 0.997698843
1341845692.953573 -0.003966714 0.025409874 -0.093193367 0.038368039 -0.050942816 -0.023338011 0.997691393
1341845692.985667 -0.004495940 0.025980005 -0.093746990 0.039699346 -0.050353095 -0.023649879 0.997661889
1341845693.017585 -0.002696906 0.032117050 -0.092851035 0.040545084 -0.050883375 -0.023711467 0.997599483
1341845693.053684 -0.008714470 0.028984355 -0.089866288 0.040115539 -0.049223766 -0.024663676 0.997677028
1341845693.086059 -0.005594580 0.028509473 -0.090291731 0.040662784 -0.049868803 -0.022875797 0.997665524
1341845693.121690 -0.004209849 0.035204474 -0.093378596 0.041808404 -0.051231705 -0.021543456 0.997578740
1341845693.153852 -0.003603017 0.035229161 -0.096685596 0.041118789 -0.052078772 -0.021740623 0.997559249
1341845693.185655 0.001361326 0.033086758 -0.092972703 0.040054206 -0.051064048 -0.022004349 0.997649193
1341845693.221687 -0.005142945 0.029677497 -0.093814783 0.039680049 -0.049760506 -0.019893967 0.997774363
1341845693.254518 -0.007315932 0.033842139 -0.095047511 0.040830750 -0.052477993 -0.018756984 0.997610688
1341845693.289735 0.009987138 0.033867270 -0.096876360 0.040856067 -0.055262197 -0.019445298 0.997446120
1341845693.321741 0.021949382 0.029880455 -0.100485317 0.039694998 -0.052164484 -0.019943701 0.997649968
1341845693.353715 0.003329162 0.039187256 -0.083098836 0.041345906 -0.046475902 -0.016967706 0.997919142
1341845693.421993 0.008602162 0.032053731 -0.087934814 0.040838636 -0.044248581 -0.019144224 0.998001873
1341845693.453700 0.010723244 0.033469882 -0.091620862 0.041113570 -0.042665761 -0.021111999 0.998019814
1341845693.489783 0.005582616 0.030688908 -0.086293638 0.041816853 -0.040631738 -0.020509969 0.998088062
1341845693.522084 0.005401156 0.026784668 -0.096344575 0.043177076 -0.041121371 -0.020642351 0.998007357
1341845693.557666 0.007758980 0.029041810 -0.094260201 0.045307633 -0.042886049 -0.022488758 0.997798741
1341845693.589792 0.010220603 0.030845908 -0.091460772 0.046515614 -0.043805066 -0.023671532 0.997675896
1341845693.622158 0.008235793 0.038568724 -0.089473166 0.047505055 -0.042407803 -0.022918291 0.997707188
1341845693.689929 0.005437310 0.036987349 -0.096291617 0.046094604 -0.040892478 -0.021511687 0.997867942
1341845693.721602 0.007394813 0.038776483 -0.103215106 0.043999083 -0.039356686 -0.022815183 0.997995377
1341845693.757636 0.003349362 0.037895761 -0.101250932 0.042068273 -0.038037930 -0.023299355 0.998118520
1341845693.789776 0.001519780 0.038798913 -0.095528007 0.041493755 -0.038875308 -0.022098351 0.998137653
1341845693.825637 0.002120577 0.041236401 -0.098394841 0.040124461 -0.039320737 -0.022170655 0.998174548
1341845693.857724 0.001823745 0.033985272 -0.095116109 0.038409915 -0.039336085 -0.021407945 0.998258054
1341845693.889741 0.003443515 0.038382776 -0.094248027 0.039507795 -0.039314937 -0.019639714 0.998252392
1341845693.925573 0.002628449 0.037772987 -0.095069349 0.038943302 -0.038889512 -0.018587844 0.998311341
1341845693.957722 0.001195362 0.033303909 -0.094649896 0.038826570 -0.038078353 -0.018503262 0.998348773
1341845693.990410 0.005744484 0.034962337 -0.096871495 0.039951656 -0.037697680 -0.018380221 0.998321056
1341845694.025740 0.005947268 0.036431085 -0.096121751 0.040572457 -0.036362305 -0.019119473 0.998331726
1341845694.057728 0.005315764 0.033633143 -0.096323662 0.040635638 -0.035403281 -0.019288667 0.998360336
1341845694.093631 0.002829717 0.032657407 -0.092782207 0.042232927 -0.035332557 -0.018887304 0.998304188
1341845694.125598 0.005401853 0.030622555 -0.096039206 0.043219805 -0.035723444 -0.018724820 0.998251140
1341845694.157890 0.004742411 0.033340428 -0.095770307 0.044148114 -0.034936327 -0.019644136 0.998220742
1341845694.193528 0.003112601 0.029491048 -0.098555468 0.044537112 -0.034153242 -0.019956749 0.998224318
1341845694.226254 0.004394141 0.032616246 -0.097161651 0.046354450 -0.034725275 -0.019228598 0.998136163
1341845694.261793 0.009487762 0.034597561 -0.101104572 0.047126483 -0.034884784 -0.018511955 0.998107970
1341845694.293655 0.002264091 0.032523900 -0.095540933 0.047376029 -0.033997908 -0.017511256 0.998144865
1341845694.325844 0.004336636 0.030928759 -0.099951155 0.048275057 -0.035984006 -0.014155366 0.998085320
1341845694.361761 0.002911600 0.031089589 -0.100718409 0.049738094 -0.038004894 -0.012144044 0.997965097
1341845694.393754 0.003914827 0.032273535 -0.099428788 0.050951395 -0.040101867 -0.012280834 0.997820139
1341845694.425809 0.003004686 0.033308618 -0.099648736 0.050935261 -0.041287549 -0.012444068 0.997770607
1341845694.461731 0.005297296 0.035251770 -0.099458143 0.051026694 -0.042943031 -0.012542178 0.997694790
1341845694.493931 0.009604818 0.039417569 -0.096378587 0.050155602 -0.043515768 -0.013890624 0.997696280
1341845694.529694 0.006657314 0.038957298 -0.095545433 0.048959021 -0.042579237 -0.014758684 0.997783661
1341845694.561652 0.002943362 0.033667818 -0.097317360 0.048072435 -0.043145545 -0.015539844 0.997790635
1341845694.595586 0.002693277 0.035425767 -0.095000237 0.049273953 -0.044610273 -0.014728942 0.997679889
1341845694.629850 0.002323124 0.028508851 -0.099517472 0.049495228 -0.046308570 -0.014084324 0.997600853
1341845694.661659 0.015577692 0.036943175 -0.098219186 0.052250672 -0.048784699 -0.012156316 0.997367620
1341845694.693720 0.036178235 0.045568641 -0.091738828 0.052828420 -0.047718201 -0.010421869 0.997408390
1341845694.735664 0.037573773 0.040435556 -0.092026129 0.050413501 -0.040951401 -0.009644086 0.997841954
1341845694.767988 0.031716362 0.046127833 -0.095351450 0.049199302 -0.034154490 -0.007853080 0.998173952
1341845694.803611 0.032521553 0.047753610 -0.082186408 0.047710277 -0.029304052 -0.006493493 0.998410225
1341845694.835585 0.022519927 0.037781771 -0.089096799 0.045415111 -0.023754328 -0.007415292 0.998658240
1341845694.867728 0.028647661 0.044353507 -0.094532229 0.045507126 -0.021906292 -0.005829324 0.998706818
1341845694.903566 0.026551353 0.044037879 -0.080838628 0.043900132 -0.019102722 -0.004316245 0.998843968
1341845694.935679 0.022934346 0.037864625 -0.084352277 0.042913213 -0.016629783 -0.004724755 0.998929203
1341845694.967669 0.023243189 0.041373976 -0.084742352 0.043681473 -0.015502968 -0.003191076 0.998920202
1341845695.003730 0.031289581 0.037129235 -0.083804913 0.043364272 -0.014647846 -0.002963004 0.998947561
1341845695.035689 0.031522397 0.037994806 -0.079780474 0.043548811 -0.011202954 -0.003108296 0.998983681
1341845695.072465 0.023370773 0.034724128 -0.082139120 0.042844977 -0.008341623 -0.001761264 0.999045372
1341845695.103895 0.024159288 0.036563784 -0.083706394 0.043386400 -0.010170046 -0.000629008 0.999006391
1341845695.135680 0.025827138 0.035030682 -0.074050307 0.044445504 -0.013880224 0.000895172 0.998915017
1341845695.172193 0.022288140 0.033522625 -0.090689570 0.046849959 -0.018937817 0.001243085 0.998721659
1341845695.203618 0.023904417 0.029861296 -0.087090783 0.049131088 -0.027080536 0.001772442 0.998423636
1341845695.235612 0.022424037 0.033187412 -0.083362073 0.053726636 -0.034229528 0.000881540 0.997968495
1341845695.271738 0.024814576 0.032130793 -0.083579913 0.056096938 -0.040122736 0.000905201 0.997618437
1341845695.303569 0.026183868 0.032531578 -0.082721397 0.057844527 -0.044407524 -0.000566273 0.997337341
1341845695.335657 0.023500392 0.031550091 -0.088992238 0.058207463 -0.047297977 -0.002852686 0.997179389
1341845695.371706 0.024454478 0.032461297 -0.086025544 0.058859684 -0.050382700 -0.005890340 0.996976674
1341845695.403745 0.023100393 0.031441454 -0.084800862 0.059126999 -0.053152643 -0.008376053 0.996799231
1341845695.435657 0.022462888 0.032946289 -0.084050916 0.060566019 -0.056777868 -0.008540620 0.996511519
1341845695.471720 0.023815058 0.036613878 -0.092726521 0.062501632 -0.060824648 -0.008226633 0.996155798
1341845695.503710 0.019571718 0.035842583 -0.093462922 0.062426191 -0.063555539 -0.009584245 0.995977879
1341845695.539693 0.014809465 0.036849018 -0.092361785 0.062336527 -0.065012410 -0.010913840 0.995875776
1341845695.603908 0.018725744 0.036350280 -0.096350230 0.062832355 -0.067986943 -0.013313217 0.995616794
1341845695.665980 0.013224497 0.038561512 -0.095288247 0.062434398 -0.070028648 -0.014960115 0.995476842
1341845695.701693 0.015121902 0.036601059 -0.093794830 0.062289394 -0.071485177 -0.014130590 0.995394528
1341845695.733686 0.017324084 0.039030090 -0.087808348 0.062352445 -0.072843038 -0.013282413 0.995303869
1341845695.769679 0.019734483 0.040882487 -0.090496555 0.062171947 -0.073238209 -0.012827327 0.995292068
1341845695.801697 0.014802674 0.041671738 -0.091239385 0.060872145 -0.072065420 -0.013092927 0.995454609
1341845695.833635 0.020618640 0.036364153 -0.095339879 0.059102092 -0.072762802 -0.011885006 0.995525599
1341845695.869766 0.021189323 0.039798830 -0.095170945 0.059289593 -0.072374769 -0.010690412 0.995556295
1341845695.901827 0.018494232 0.040400866 -0.098739512 0.058390591 -0.071781263 -0.010593415 0.995653450
1341845695.933900 0.020494925 0.039608642 -0.097682394 0.056880306 -0.072173372 -0.009832805 0.995720387
1341845695.969774 0.019221807 0.040520437 -0.092922017 0.056232389 -0.071292736 -0.009024579 0.995828271
1341845696.001940 0.019408138 0.040658575 -0.095904768 0.055584777 -0.070360020 -0.008717467 0.995933652
1341845696.037778 0.026096703 0.041071005 -0.086105846 0.054690905 -0.071224324 -0.006049640 0.995941520
1341845696.069962 0.025164865 0.037254866 -0.088403568 0.053182174 -0.071053788 -0.004704153 0.996042609
1341845696.102048 0.017568594 0.037501846 -0.096393242 0.053174913 -0.070455790 -0.003083992 0.996091843
1341845696.137759 0.027105408 0.038782120 -0.090135351 0.052875448 -0.072481059 -0.002340354 0.995964468
1341845696.169934 0.023107352 0.038526282 -0.090627961 0.051836573 -0.072065502 -0.002450047 0.996049047
1341845696.201602 0.021353202 0.039119679 -0.094369337 0.051099557 -0.071777359 -0.003609660 0.996104360
1341845696.237582 0.022464167 0.045752339 -0.091025651 0.050309490 -0.071954496 -0.004293059 0.996129096
1341845696.269654 0.021341396 0.037702918 -0.094469294 0.047902893 -0.072454631 -0.005057177 0.996207833
1341845696.305713 0.024838096 0.037807968 -0.095139213 0.047525700 -0.073921964 -0.003754904 0.996123910
1341845696.337790 0.022352085 0.036396585 -0.092553988 0.047008373 -0.074076377 -0.003066961 0.996139348
1341845696.369780 0.022274176 0.036479630 -0.094657660 0.046792824 -0.074814089 -0.002374646 0.996096253
1341845696.406019 0.026000571 0.043602038 -0.096192397 0.046365213 -0.075678825 -0.001719688 0.996052265
1341845696.437910 0.026335971 0.041563962 -0.093315661 0.044337649 -0.075952485 -0.001499762 0.996124089
1341845696.473667 0.029364415 0.040832769 -0.089503057 0.043002315 -0.075591594 -0.002418204 0.996208310
1341845696.505801 0.027349753 0.042737149 -0.089798331 0.041522473 -0.074378558 -0.002560722 0.996361971
1341845696.537879 0.024136029 0.039997857 -0.090957575 0.040379219 -0.074044526 -0.001003021 0.996436596
1341845696.573790 0.026239008 0.036661521 -0.092915207 0.039754119 -0.075175591 0.000245731 0.996377528
1341845696.611644 0.023006581 0.039583832 -0.093484551 0.039950881 -0.075408116 -0.000276113 0.996352136
1341845696.648592 0.023807045 0.041530836 -0.091054432 0.039751124 -0.075965278 0.000084480 0.996317804
1341845696.705640 0.032030974 0.043432258 -0.093766376 0.037392884 -0.076117218 0.000454354 0.996397436
1341845696.741801 0.028511893 0.039657775 -0.091485828 0.036373064 -0.074438579 0.000366961 0.996562064
1341845696.773765 0.027805550 0.039687853 -0.092852399 0.036205556 -0.073145688 0.000759077 0.996663630
1341845696.805698 0.029595740 0.042140827 -0.087442547 0.035221636 -0.073455870 0.001745319 0.996674776
1341845696.841908 0.034760822 0.040721018 -0.085163653 0.034667190 -0.073877357 0.002306869 0.996661961
1341845696.873637 0.029170681 0.040998951 -0.086256966 0.034034397 -0.071622580 0.002109553 0.996848762
1341845696.905693 0.030495320 0.043349504 -0.085197710 0.033012293 -0.071099214 0.002921817 0.996918559
1341845696.941841 0.034124155 0.043524839 -0.085416548 0.031658091 -0.070861086 0.003870289 0.996976256
1341845696.973560 0.030599628 0.040875331 -0.086050577 0.030442562 -0.070045181 0.006126950 0.997060359
1341845697.009723 0.034791570 0.045450293 -0.086875618 0.030173911 -0.070275292 0.006754094 0.997048318
1341845697.041678 0.037138548 0.041902699 -0.087669648 0.028486174 -0.069339991 0.006027406 0.997168124
1341845697.073636 0.035512142 0.042304154 -0.083021156 0.028839143 -0.068079956 0.005450911 0.997248113
1341845697.109770 0.034060750 0.040084954 -0.086901583 0.028849883 -0.067104071 0.004614846 0.997318149
1341845697.141787 0.032790236 0.042927623 -0.083334945 0.028582508 -0.066644773 0.004440824 0.997357488
1341845697.173791 0.035254244 0.043334898 -0.078018762 0.028623775 -0.067084320 0.005934224 0.997319043
1341845697.209803 0.033778548 0.043434769 -0.083162673 0.028984938 -0.066350222 0.005543366 0.997359991
1341845697.241685 0.040476650 0.049759932 -0.076369658 0.029179644 -0.067127280 0.006980372 0.997293234
1341845697.277780 0.037571177 0.046034515 -0.078523912 0.028499058 -0.066406943 0.007311231 0.997358799
1341845697.309575 0.037372947 0.048916481 -0.080696076 0.028709827 -0.066511020 0.007565538 0.997343957
1341845697.342252 0.036412474 0.048476197 -0.079222664 0.028517373 -0.066742465 0.007499639 0.997334480
1341845697.377604 0.036376979 0.048454549 -0.079043053 0.028719584 -0.066820368 0.007339183 0.997324586
1341845697.409528 0.035799496 0.048275124 -0.078252323 0.028666856 -0.066445090 0.006474340 0.997357249
1341845697.441666 0.034510668 0.047924858 -0.076495588 0.028529705 -0.065994635 0.006701108 0.997389555
1341845697.477718 0.034723960 0.047917932 -0.076710813 0.029530253 -0.066260405 0.006549022 0.997343838
1341845697.509822 0.035479803 0.048103150 -0.077762008 0.029624224 -0.066226579 0.005626156 0.997348964
1341845697.545892 0.035176102 0.048156653 -0.077491164 0.029548492 -0.066669710 0.006542546 0.997316062
1341845697.577742 0.035650790 0.048216723 -0.077916987 0.030239634 -0.067551889 0.006466955 0.997236490
1341845697.609653 0.037559032 0.049018286 -0.080872603 0.030303100 -0.068365864 0.007434000 0.997172296
1341845697.645769 0.038180109 0.049209822 -0.081994280 0.029796887 -0.068711936 0.007319550 0.997164607
1341845697.677795 0.037700728 0.048907995 -0.080956250 0.029571220 -0.068628944 0.007399190 0.997176468
1341845697.713520 0.038531814 0.049804598 -0.077948421 0.029138295 -0.068620242 0.007704892 0.997187436
1341845697.745975 0.035592936 0.048276745 -0.077932924 0.028463081 -0.068548433 0.007994190 0.997209668
1341845697.777683 0.036097027 0.048478398 -0.078874633 0.028317222 -0.068951324 0.008169372 0.997184634
1341845697.813673 0.036502510 0.048532143 -0.079553120 0.027570566 -0.068821304 0.008423004 0.997212410
1341845697.845793 0.039649863 0.049717579 -0.083776854 0.026474226 -0.068584152 0.007682846 0.997264445
1341845697.877887 0.034395188 0.047735240 -0.076345913 0.025167165 -0.068192557 0.007989519 0.997322738
1341845697.913637 0.035975710 0.048402790 -0.078615442 0.025010172 -0.068690114 0.008460104 0.997288644
1341845697.945734 0.038444057 0.049096182 -0.082124509 0.024520595 -0.068897076 0.006857023 0.997298837
1341845697.981763 0.036399689 0.048468541 -0.079135634 0.024031861 -0.068668433 0.006625289 0.997328103
1341845698.013639 0.035641555 0.048193760 -0.078087710 0.024188880 -0.068254039 0.006131354 0.997355878
1341845698.045700 0.036194712 0.048530106 -0.078895696 0.024530997 -0.068422809 0.006315195 0.997334838
1341845698.081804 0.037688024 0.048972648 -0.081176117 0.024446152 -0.069163188 0.006213700 0.997286439
1341845698.113733 0.036648881 0.048590835 -0.079582393 0.024531372 -0.069655113 0.005919440 0.997251928
1341845698.145605 0.037327167 0.048778899 -0.080705099 0.025033891 -0.069926888 0.005227145 0.997224331
1341845698.181637 0.034743950 0.047515616 -0.076235332 0.024911592 -0.069682367 0.004761276 0.997246802
1341845698.213981 0.036974821 0.044458151 -0.081494674 0.024563173 -0.070746914 0.005119541 0.997178733
1341845698.249641 0.039044462 0.046689130 -0.078156672 0.025821855 -0.072120242 0.004642594 0.997050881
1341845698.281737 0.041918345 0.050305337 -0.078338996 0.025033249 -0.072810553 0.003924595 0.997023880
1341845698.313940 0.041199081 0.046555854 -0.079860337 0.024167502 -0.072934508 0.003494136 0.997037828
1341845698.349629 0.041158941 0.049908351 -0.077495366 0.024999483 -0.072832301 0.002505070 0.997027695
1341845698.381667 0.037220083 0.047240376 -0.082588226 0.024541005 -0.072925098 0.003051774 0.997030795
1341845698.413724 0.042213045 0.047848642 -0.082520179 0.025052864 -0.074900985 0.003937378 0.996868432
1341845698.449543 0.037424043 0.048691031 -0.080566950 0.025532916 -0.075679563 0.003925378 0.996797562
1341845698.481693 0.039343849 0.049524553 -0.083570406 0.025363009 -0.077163950 0.004282578 0.996686637
1341845698.517644 0.039666135 0.047019154 -0.079167426 0.025374673 -0.077952772 0.003497985 0.996627986
1341845698.549633 0.039987326 0.045781612 -0.080464587 0.025834519 -0.078574412 0.001721284 0.996572018
1341845698.581773 0.039715063 0.047041029 -0.079231180 0.026789382 -0.079180919 0.000721418 0.996500015
1341845698.617608 0.039730549 0.046947066 -0.079125039 0.026998231 -0.079357713 -0.000093680 0.996480584
1341845698.649887 0.039420225 0.046745252 -0.077618375 0.027608952 -0.079734109 -0.000349544 0.996433675
1341845698.685838 0.041957516 0.047137212 -0.080909222 0.028716911 -0.080223881 -0.001336888 0.996362209
1341845698.717744 0.044087783 0.050514378 -0.086649932 0.028636832 -0.080262631 -0.000790584 0.996362031
1341845698.749680 0.042108852 0.047775127 -0.082195312 0.027863516 -0.079864837 -0.000294281 0.996416152
1341845698.785826 0.041273236 0.047418837 -0.081141002 0.027733535 -0.079688355 0.000497315 0.996433914
1341845698.817603 0.043130491 0.048058949 -0.083702102 0.026925048 -0.079855300 0.000246445 0.996442795
1341845698.849705 0.045766197 0.050954808 -0.078438796 0.026535589 -0.080232158 -0.000059279 0.996422946
1341845698.885714 0.042181116 0.048867553 -0.078129359 0.025994321 -0.079740599 -0.000933690 0.996476293
1341845698.917723 0.043739375 0.048085399 -0.084768437 0.025163801 -0.079476811 -0.001254870 0.996518314
1341845698.953706 0.043811575 0.048090503 -0.084830955 0.024421064 -0.079047583 -0.001769963 0.996570170
1341845698.985694 0.044242691 0.048371114 -0.085226052 0.023849379 -0.078836106 -0.001604706 0.996600986
1341845699.017571 0.042361949 0.047899622 -0.082917832 0.023039529 -0.079302385 -0.000320013 0.996584296
1341845699.053593 0.043962337 0.048174258 -0.085229859 0.021819169 -0.079563834 -0.000104750 0.996590972
1341845699.086340 0.043730114 0.054673985 -0.082828194 0.020978881 -0.079415724 -0.000337353 0.996620774
1341845699.117688 0.046002999 0.051642355 -0.083898805 0.018689770 -0.079488270 -0.001120483 0.996659994
1341845699.153695 0.048481509 0.054672681 -0.080779620 0.017429197 -0.079846591 -0.001055319 0.996654212
1341845699.185845 0.043494467 0.049978927 -0.086832143 0.015808269 -0.078359157 -0.002289683 0.996797204
1341845699.221973 0.042581916 0.050447661 -0.084537759 0.014716171 -0.078001648 -0.001336478 0.996843755
1341845699.253571 0.038610574 0.047703162 -0.086694770 0.014166140 -0.077887267 -0.001514307 0.996860385
1341845699.285622 0.033843305 0.045853402 -0.088422179 0.014903876 -0.078159578 -0.001828153 0.996827781
1341845699.321906 0.041455675 0.047265552 -0.085108444 0.015810676 -0.080503106 -0.000243052 0.996628940
1341845699.354916 0.039766014 0.048040643 -0.088126026 0.015728254 -0.080783866 0.000005910 0.996607542
1341845699.385859 0.033413168 0.045956492 -0.088362783 0.015846049 -0.079969287 -0.000563399 0.996671200
1341845699.421535 0.043123849 0.048968293 -0.085463867 0.016965684 -0.080883257 -0.001308650 0.996578336
1341845699.454093 0.046074655 0.053800922 -0.083331510 0.017424151 -0.080615260 -0.002443232 0.996590018
1341845699.489836 0.043852393 0.052297324 -0.080619648 0.016854594 -0.079832293 -0.002270444 0.996663272
1341845699.522001 0.039525732 0.047275133 -0.086622640 0.016387735 -0.079701409 -0.001582754 0.996682882
1341845699.556281 0.044950344 0.047763638 -0.082965493 0.017190352 -0.080987535 -0.000669092 0.996566653
1341845699.595416 0.046079431 0.049995713 -0.081310891 0.017878449 -0.080705948 -0.001021792 0.996577084
1341845699.628631 0.048351012 0.051110707 -0.081319802 0.017784914 -0.079985492 -0.001191703 0.996636629
1341845699.663810 0.043739751 0.047317758 -0.081046812 0.017126305 -0.078612983 -0.000606865 0.996757925
1341845699.696113 0.045168083 0.051219426 -0.082334444 0.018529113 -0.078501225 0.000808484 0.996741533
1341845699.727683 0.045140676 0.052117631 -0.091785759 0.017311396 -0.077802822 0.000432892 0.996818364
1341845699.789808 0.045596175 0.048727646 -0.080110088 0.015242986 -0.077258587 -0.000526770 0.996894479
1341845699.821737 0.043899100 0.051470086 -0.080337189 0.015588353 -0.076140113 -0.000784671 0.996975005
1341845699.857825 0.045049332 0.051216733 -0.083291098 0.015408861 -0.076491408 -0.000266763 0.996951163
1341845699.889686 0.045022652 0.048609696 -0.081195131 0.015238110 -0.076747529 -0.001137923 0.996933460
1341845699.925749 0.045371134 0.050984472 -0.080512196 0.015842166 -0.076409839 -0.000930283 0.996950209
1341845699.957536 0.043208357 0.046266418 -0.080095403 0.016009938 -0.075763054 -0.000674049 0.996997178
1341845699.989671 0.044574313 0.044464752 -0.080598831 0.016706396 -0.076337308 0.000688612 0.996941864
1341845700.025810 0.046609920 0.047018878 -0.080727942 0.018092718 -0.076633088 0.001062606 0.996894658
1341845700.058133 0.048171401 0.049159586 -0.080488332 0.019002674 -0.076410919 0.000416071 0.996895254
1341845700.090754 0.045604534 0.050674614 -0.076224014 0.019542122 -0.075875945 -0.000165915 0.996925771
1341845700.125852 0.044411570 0.047063775 -0.078242883 0.019120498 -0.075595416 -0.000688203 0.996955037
1341845700.157773 0.048867926 0.045858257 -0.080404088 0.019693861 -0.076132983 -0.001136273 0.996902525
1341845700.193533 0.048736237 0.048734371 -0.076439604 0.020348694 -0.075567313 -0.001717732 0.996931612
1341845700.225771 0.057253223 0.050285153 -0.071872607 0.020507183 -0.076008879 -0.001186792 0.996895552
1341845700.257669 0.054263592 0.052913159 -0.074064732 0.021281622 -0.075132199 -0.000571675 0.996946335
1341845700.293641 0.051721964 0.050798420 -0.075303763 0.020992067 -0.074371897 -0.000080134 0.997009635
1341845700.325714 0.053168613 0.047275487 -0.077021033 0.020632120 -0.074565388 0.000523324 0.997002542
1341845700.357742 0.055758309 0.050597351 -0.074852720 0.021365842 -0.074319862 -0.000047812 0.997005641
1341845700.393681 0.058540408 0.051369015 -0.074203767 0.020823319 -0.073884159 -0.000837552 0.997049034
1341845700.425997 0.055735327 0.050411493 -0.075085297 0.020552211 -0.073025756 -0.001774684 0.997116745
1341845700.461682 0.054499909 0.050079864 -0.072401091 0.020504635 -0.072816387 -0.001996027 0.997132599
1341845700.493808 0.055963434 0.051427756 -0.072983138 0.020540163 -0.072751403 -0.002445341 0.997135580
1341845700.526106 0.058709916 0.052481446 -0.073703125 0.020097177 -0.073079005 -0.001333377 0.997122824
1341845700.562458 0.053958923 0.051635686 -0.072620615 0.019860957 -0.072156943 -0.002019904 0.997193515
1341845700.626137 0.055130474 0.051310394 -0.073365778 0.019364327 -0.072534285 -0.002007992 0.997175932
1341845700.661872 0.054703955 0.055567309 -0.072278775 0.019682070 -0.071774334 -0.002774954 0.997222841
1341845700.693861 0.053422023 0.051690530 -0.073420808 0.018645786 -0.071138643 -0.003270586 0.997286856
1341845700.732394 0.051179741 0.049515203 -0.070534870 0.018511133 -0.071638659 -0.002440010 0.997255981
1341845700.767794 0.056604713 0.053146057 -0.070857279 0.019190049 -0.072568394 -0.001560060 0.997177601
1341845700.799058 0.054804537 0.051517908 -0.073239781 0.019417971 -0.071919844 -0.001552937 0.997220218
1341845700.867749 0.055957723 0.052350279 -0.071792632 0.019666363 -0.071820289 -0.002369790 0.997220933
1341845700.930007 0.056908432 0.051053900 -0.072281830 0.020530144 -0.072689727 -0.002001582 0.997141302
1341845700.961797 0.058314689 0.053089764 -0.069280341 0.020872820 -0.072788715 -0.002628063 0.997125506
1341845700.997752 0.054052524 0.051671159 -0.073631220 0.020361947 -0.072055705 -0.003405108 0.997186959
1341845701.029597 0.058395687 0.052157570 -0.069679014 0.020672856 -0.073288739 -0.003222815 0.997091293
1341845701.061618 0.052454028 0.048958007 -0.070933200 0.020501588 -0.072817534 -0.003885608 0.997126997
1341845701.097561 0.054845065 0.050582852 -0.070616484 0.020926137 -0.073394127 -0.003779137 0.997076333
1341845701.129741 0.058361489 0.051315784 -0.072272666 0.020954572 -0.073394470 -0.003169732 0.997077823
1341845701.165734 0.058404207 0.050107613 -0.076458737 0.020591401 -0.073109165 -0.003205013 0.997106254
1341845701.197714 0.055102047 0.051513791 -0.074627213 0.021316553 -0.073267102 -0.002650307 0.997081041
1341845701.230497 0.056650881 0.050735153 -0.074425086 0.021419832 -0.073841646 -0.003026656 0.997035384
1341845701.265852 0.053293880 0.050979700 -0.073179923 0.021743290 -0.073716998 -0.002663922 0.997038662
1341845701.297730 0.052610759 0.048374694 -0.072445080 0.022472270 -0.074360006 -0.004199544 0.996969402
1341845701.329611 0.058792286 0.051922448 -0.074288160 0.022719208 -0.074942566 -0.004435737 0.996919215
1341845701.365791 0.057933517 0.053332679 -0.071240440 0.022445191 -0.074682176 -0.004003057 0.996946752
1341845701.397757 0.058594350 0.053657174 -0.070184052 0.022409901 -0.074513815 -0.004850235 0.996956408
1341845701.433542 0.060094845 0.050153803 -0.074517481 0.021474054 -0.074149646 -0.004168060 0.997007191
1341845701.465617 0.060563341 0.051669735 -0.075299174 0.021754310 -0.074270502 -0.002491124 0.996997714
1341845701.497704 0.057572588 0.052808698 -0.075075135 0.021650139 -0.074112453 -0.001776296 0.997013330
1341845701.533597 0.058706824 0.053575452 -0.077170730 0.021452487 -0.074102692 -0.002195337 0.997017503
1341845701.597762 0.056415204 0.049988288 -0.075811997 0.020759758 -0.072985850 -0.003713286 0.997110009
1341845701.633825 0.051723313 0.049262203 -0.073531084 0.021268623 -0.072704874 -0.003856339 0.997119308
1341845701.665709 0.057662565 0.052599996 -0.070406497 0.022378543 -0.073347062 -0.003974861 0.997047484
1341845701.701676 0.056242712 0.050772283 -0.071156770 0.022818565 -0.072752096 -0.004263027 0.997079909
1341845701.733527 0.057183940 0.050313264 -0.074333183 0.023343695 -0.072842151 -0.004495391 0.997060120
1341845701.765764 0.056879338 0.049609084 -0.071607016 0.023201508 -0.072877251 -0.004208695 0.997062147
1341845701.801701 0.059698764 0.050204985 -0.074169770 0.023160700 -0.073011592 -0.004081910 0.997053802
1341845701.833700 0.058418889 0.048322130 -0.068732761 0.023280522 -0.072910637 -0.003579350 0.997060359
1341845701.865775 0.059824701 0.051898770 -0.074662484 0.023863420 -0.072915569 -0.003511586 0.997046471
1341845701.901711 0.060913380 0.051086113 -0.071532749 0.023591524 -0.073026903 -0.003154446 0.997045934
1341845701.933585 0.060940638 0.050253358 -0.075526133 0.023310229 -0.072343849 -0.004170928 0.997098625
1341845701.969726 0.060399532 0.048886359 -0.076376356 0.022765152 -0.072367668 -0.004202216 0.997109354
1341845702.002544 0.061522126 0.047699399 -0.076298364 0.022601396 -0.072317541 -0.004324808 0.997116208
1341845702.034379 0.060739856 0.049204025 -0.073566258 0.023169586 -0.072033264 -0.004837413 0.997121394
1341845702.101809 0.057664186 0.049281932 -0.068066128 0.023636766 -0.072147712 -0.005415453 0.997099161
1341845702.137663 0.057323154 0.049291078 -0.068566747 0.023838181 -0.072586082 -0.005138148 0.997063994
1341845702.169629 0.060742673 0.046424314 -0.070769377 0.024028637 -0.073137335 -0.005474816 0.997017384
1341845702.201769 0.057621948 0.048860773 -0.067566432 0.024606537 -0.072334900 -0.006567444 0.997055233
1341845702.237691 0.057951629 0.051126484 -0.066501357 0.025072223 -0.072017923 -0.006637008 0.997066140
1341845702.269760 0.057942279 0.050771970 -0.065758370 0.025203269 -0.072271302 -0.006156747 0.997047603
1341845702.301761 0.057820737 0.049852025 -0.069188491 0.025210697 -0.071777493 -0.007505136 0.997073770
1341845702.337713 0.058741771 0.051563624 -0.068526611 0.025052967 -0.071451955 -0.007338073 0.997102380
1341845702.369720 0.055639505 0.050631046 -0.068638906 0.024718976 -0.071421400 -0.006764561 0.997116983
1341845702.405655 0.056764364 0.051679660 -0.066729121 0.024984460 -0.071605869 -0.006746695 0.997097254
1341845702.469691 0.060785342 0.046916768 -0.068229213 0.024467967 -0.071053065 -0.006569952 0.997150779
1341845702.506265 0.061392810 0.053358193 -0.064524993 0.025229029 -0.071367480 -0.006399135 0.997110486
1341845702.569753 0.061061572 0.052172042 -0.064516231 0.024866521 -0.071829729 -0.004647665 0.997096121
1341845702.605685 0.060738537 0.050959837 -0.066080891 0.024687437 -0.071683630 -0.005128885 0.997108698
1341845702.637718 0.063282140 0.051047865 -0.067077436 0.023603700 -0.072100602 -0.004514062 0.997107863
1341845702.673733 0.057872646 0.049309827 -0.067090631 0.023692431 -0.070992336 -0.005577573 0.997179866
1341845702.705735 0.062465627 0.051760994 -0.069246739 0.023459315 -0.070990331 -0.005793455 0.997184336
1341845702.737648 0.061927825 0.052807108 -0.069289669 0.022660453 -0.070199363 -0.007187130 0.997249663
1341845702.773644 0.062859625 0.060952287 -0.066055581 0.021865943 -0.069815934 -0.008628568 0.997282863
1341845702.805893 0.060796119 0.053330667 -0.064506464 0.019651618 -0.068968877 -0.008870806 0.997385859
1341845702.837969 0.064356327 0.057509433 -0.072651006 0.018919563 -0.068454616 -0.009843038 0.997426331
1341845702.874009 0.062863886 0.051812980 -0.071527861 0.016549576 -0.067586809 -0.010405774 0.997521877
1341845702.908704 0.061022077 0.053370379 -0.065166757 0.016189627 -0.067259260 -0.009714972 0.997556865
1341845702.941673 0.060281061 0.049468968 -0.064984024 0.016350871 -0.067606911 -0.008635382 0.997540712
1341845702.973595 0.062728010 0.047798324 -0.064034306 0.018275671 -0.069212668 -0.006489466 0.997413456
1341845703.005769 0.058145136 0.049351424 -0.071822397 0.020241149 -0.069651127 -0.005149501 0.997352719
1341845703.041648 0.063698322 0.050143417 -0.067518391 0.021618621 -0.071600616 -0.004543213 0.997188747
1341845703.073714 0.060275663 0.059044801 -0.067012362 0.022166977 -0.070810221 -0.005451280 0.997228622
1341845703.109699 0.061943255 0.055877615 -0.066087410 0.019356290 -0.069158159 -0.007257836 0.997391522
1341845703.142006 0.059762221 0.054360781 -0.067360312 0.017778562 -0.067563653 -0.008665048 0.997518957
1341845703.173706 0.057218879 0.053498212 -0.072126925 0.016287066 -0.066458151 -0.010009234 0.997606099
1341845703.209732 0.056087311 0.052324619 -0.067372069 0.016101608 -0.066594087 -0.010077509 0.997599304
1341845703.242050 0.059608910 0.049231082 -0.067500569 0.016649321 -0.067336909 -0.009219933 0.997548819
1341845703.273874 0.059688445 0.051355172 -0.070403248 0.017665658 -0.067859851 -0.008743629 0.997500181
1341845703.309758 0.058963712 0.051814821 -0.067823641 0.018590614 -0.068715408 -0.007678325 0.997433484
1341845703.341850 0.064591348 0.048123822 -0.065077975 0.018568836 -0.069647498 -0.007349073 0.997371793
1341845703.377702 0.061200082 0.053399280 -0.066432230 0.019977840 -0.068509012 -0.007830369 0.997419715
1341845703.409585 0.063212104 0.054386221 -0.065138899 0.020540195 -0.068669721 -0.007763048 0.997397840
1341845703.441629 0.059147950 0.054614034 -0.066364981 0.020297214 -0.068341695 -0.008753099 0.997417092
1341845703.477741 0.060059588 0.050220057 -0.071170568 0.019547366 -0.068470709 -0.009088774 0.997420192
1341845703.509995 0.060460936 0.049190622 -0.068241492 0.019802492 -0.068378016 -0.009637261 0.997416437
1341845703.541800 0.061170612 0.051381800 -0.070090123 0.020857850 -0.068427823 -0.009845783 0.997389436
1341845703.577765 0.066275418 0.048772246 -0.067465112 0.020479599 -0.069398537 -0.010455518 0.997324049
1341845703.609650 0.060493894 0.051901564 -0.067291528 0.021441819 -0.068724699 -0.010625115 0.997348666
1341845703.651761 0.061221857 0.052532665 -0.068075322 0.021819750 -0.069134019 -0.010651212 0.997311890
1341845703.709916 0.064371325 0.055438388 -0.069412634 0.022371769 -0.070616029 -0.010420741 0.997198224
1341845703.745719 0.066667199 0.058406048 -0.070683032 0.021616273 -0.070669949 -0.010818016 0.997206926
1341845703.777733 0.065458082 0.054926988 -0.069641694 0.019629365 -0.069589913 -0.011473535 0.997316539
1341845703.809711 0.063861355 0.051255461 -0.067966290 0.018893898 -0.068824880 -0.011283685 0.997386038
1341845703.845769 0.066865578 0.048944656 -0.067881070 0.018614551 -0.069359861 -0.011750959 0.997348845
1341845703.877728 0.065446109 0.051363375 -0.069562480 0.018689280 -0.069021001 -0.011491837 0.997373939
1341845703.913808 0.064346321 0.049276937 -0.067064777 0.018021069 -0.068818592 -0.011330510 0.997402132
1341845703.945653 0.063624844 0.048610706 -0.065958843 0.017996946 -0.068466708 -0.011951134 0.997419477
1341845703.977870 0.064331084 0.048819788 -0.066782527 0.018607268 -0.068193726 -0.012358606 0.997422040
1341845704.013637 0.062037837 0.048478261 -0.063743882 0.019453438 -0.068254530 -0.012206811 0.997403622
1341845704.045703 0.063369252 0.048501454 -0.065436475 0.020486444 -0.068686903 -0.012067945 0.997354925
1341845704.077666 0.065476052 0.049508221 -0.068463340 0.020946264 -0.069000266 -0.010965625 0.997336507
1341845704.113706 0.064181350 0.049194079 -0.066635430 0.020964727 -0.068537980 -0.011110764 0.997366369
1341845704.145681 0.064923353 0.049299315 -0.067565858 0.020513607 -0.068332210 -0.010936395 0.997391820
1341845704.181785 0.065919928 0.050121214 -0.069014713 0.020327786 -0.067943960 -0.012086930 0.997408807
1341845704.213778 0.065378577 0.049868342 -0.068274401 0.020134803 -0.067709759 -0.012078606 0.997428775
1341845704.245863 0.064917691 0.049778301 -0.067614034 0.020007741 -0.067669034 -0.011563692 0.997440219
1341845704.281578 0.065980099 0.050906658 -0.069523722 0.019968564 -0.067604490 -0.010784091 0.997454047
1341845704.313707 0.065882385 0.049273819 -0.068795763 0.018884134 -0.067003876 -0.010948074 0.997513890
1341845704.349873 0.064339325 0.049214367 -0.067064419 0.018364975 -0.065243609 -0.011519283 0.997633934
1341845704.381729 0.066026166 0.050344754 -0.069395885 0.017583789 -0.063841380 -0.011425936 0.997739732
1341845704.413817 0.063500531 0.049078770 -0.065071918 0.017674757 -0.062032171 -0.011832939 0.997847497
1341845704.449837 0.066485994 0.050519615 -0.070121899 0.017730933 -0.060749069 -0.011692026 0.997927129
1341845704.481600 0.066059060 0.050627712 -0.069390997 0.016629972 -0.059196495 -0.011263128 0.998044312
1341845704.513671 0.062235881 0.048548579 -0.063697733 0.017377391 -0.058288556 -0.011076480 0.998087049
1341845704.549869 0.063998580 0.048579395 -0.065949365 0.021754676 -0.059439812 -0.008624461 0.997957647
1341845704.581901 0.061572157 0.048051815 -0.063015848 0.025811175 -0.061179321 -0.006589677 0.997771323
1341845704.617838 0.065469131 0.048406977 -0.065765999 0.027525833 -0.062640160 -0.007378445 0.997629285
1341845704.650477 0.065166868 0.049671076 -0.068563886 0.028223028 -0.062380787 -0.008441713 0.997617662
1341845704.681708 0.066161819 0.048472986 -0.066666938 0.029172532 -0.063110903 -0.008859288 0.997540832
1341845704.717704 0.065365724 0.048712868 -0.065636501 0.030251510 -0.064344138 -0.009213216 0.997426629
1341845704.749702 0.067210026 0.049445666 -0.068743676 0.030679090 -0.064720929 -0.010510127 0.997376382
1341845704.781791 0.065054961 0.050893057 -0.068979099 0.029997980 -0.063817471 -0.012680735 0.997430027
1341845704.817744 0.063181594 0.048706178 -0.065912247 0.030328384 -0.064310931 -0.012945441 0.997384965
1341845704.849705 0.064376116 0.049444176 -0.067262046 0.031972270 -0.066342361 -0.013425273 0.997194231
1341845704.885675 0.066965796 0.046098493 -0.070717402 0.031499531 -0.067548774 -0.013796459 0.997123182
1341845704.917742 0.061033092 0.054447327 -0.068464234 0.032288283 -0.067433611 -0.013534625 0.997109354
1341845704.949746 0.062443089 0.056163538 -0.069819950 0.031854589 -0.067964554 -0.015193691 0.997063339
1341845704.985761 0.058554657 0.055193696 -0.068411864 0.030956822 -0.067765795 -0.016154047 0.997090042
1341845705.017537 0.059728887 0.054930471 -0.069610290 0.030176798 -0.068297423 -0.016729154 0.997068226
1341845705.049660 0.058514446 0.055152800 -0.072073467 0.029445387 -0.068464719 -0.017213758 0.997070372
1341845705.085710 0.059205830 0.054202337 -0.067914769 0.028825598 -0.069271848 -0.017195014 0.997033060
1341845705.117831 0.060043965 0.055848867 -0.069226973 0.029088700 -0.069989979 -0.017318800 0.996973097
1341845705.154005 0.061989769 0.059294146 -0.068001531 0.028297948 -0.070384197 -0.018265927 0.996951222
1341845705.185648 0.059068386 0.052483786 -0.067557640 0.026586782 -0.069691844 -0.018793572 0.997037172
1341845705.217695 0.065645404 0.051324897 -0.069806851 0.026234651 -0.070165999 -0.017983515 0.997028172
1341845705.253735 0.066701658 0.050364699 -0.070873208 0.025547346 -0.069987454 -0.018085729 0.997056723
1341845705.285554 0.064182959 0.049771562 -0.067447014 0.025292724 -0.069787964 -0.018562419 0.997068465
1341845705.321646 0.063281134 0.049438335 -0.066255800 0.025659882 -0.070153244 -0.017505962 0.997052491
1341845705.353674 0.062942386 0.047787573 -0.065058112 0.025489040 -0.070495993 -0.016888665 0.997043371
1341845705.385774 0.064449191 0.050870612 -0.068026997 0.026307125 -0.070721708 -0.016734399 0.997008741
1341845705.421801 0.063317992 0.050322287 -0.066140249 0.027222706 -0.070162438 -0.017624915 0.997008324
1341845705.453568 0.062113963 0.050259195 -0.064062446 0.029606322 -0.070314750 -0.016885374 0.996942461
1341845705.485749 0.064784497 0.050509401 -0.067760915 0.031340797 -0.071609728 -0.015512132 0.996819556
1341845705.521655 0.064750463 0.049055945 -0.067704588 0.032602660 -0.072060592 -0.015119500 0.996752620
1341845705.553548 0.067970484 0.046548933 -0.073388785 0.032836556 -0.072567582 -0.014151756 0.996722341
1341845705.589775 0.066211767 0.048730023 -0.069605716 0.032778326 -0.072158314 -0.014595395 0.996747613
1341845705.621894 0.064031027 0.048941709 -0.066809937 0.032946602 -0.072298236 -0.013812568 0.996743083
1341845705.653569 0.067482494 0.050836340 -0.072928466 0.032958671 -0.075177908 -0.011184186 0.996562600
1341845705.689868 0.065349624 0.051263742 -0.068826057 0.033788841 -0.076241218 -0.013090564 0.996430814
1341845705.721810 0.067479178 0.049657613 -0.071301207 0.033491869 -0.075505689 -0.013901067 0.996485829
1341845705.753738 0.065339662 0.050017320 -0.068724550 0.033521947 -0.074727893 -0.014788833 0.996530712
1341845705.789861 0.063661866 0.050858971 -0.066655889 0.033641115 -0.073624492 -0.014900601 0.996607125
1341845705.821704 0.061346423 0.052501746 -0.064834684 0.033575397 -0.072501607 -0.014146565 0.996702671
1341845705.863629 0.060485326 0.053262260 -0.064293183 0.034300610 -0.073399656 -0.013716217 0.996618211
1341845705.895623 0.061915539 0.050731491 -0.065235451 0.035370342 -0.075025447 -0.011564810 0.996487021
1341845705.931726 0.061530340 0.049559165 -0.064096399 0.036699254 -0.077776566 -0.009915066 0.996245801
1341845705.963641 0.062032994 0.049744379 -0.064806946 0.036548764 -0.079430409 -0.012194004 0.996095598
1341845705.995677 0.064774759 0.064113304 -0.061348807 0.037217405 -0.078996271 -0.016182441 0.996048510
1341845706.031837 0.065975644 0.065881491 -0.058536489 0.035151362 -0.077319674 -0.017612210 0.996230841
1341845706.063631 0.054355837 0.058359921 -0.064429834 0.033175930 -0.076308951 -0.017352337 0.996381044
1341845706.095737 0.055709563 0.060539052 -0.063425563 0.033533361 -0.078265518 -0.017759414 0.996210158
1341845706.131716 0.063824803 0.063049838 -0.056409910 0.032987110 -0.078762338 -0.019849228 0.996149778
1341845706.163718 0.063848823 0.055506568 -0.057570260 0.031044971 -0.077314049 -0.017737711 0.996365488
1341845706.195662 0.061500225 0.061811090 -0.057764716 0.032515384 -0.077387489 -0.017020073 0.996325374
1341845706.231610 0.065359183 0.063903838 -0.057420529 0.032023620 -0.077415168 -0.016949814 0.996340334
1341845706.263724 0.066481970 0.062697776 -0.052746035 0.030715568 -0.075693294 -0.016466783 0.996521890
1341845706.299838 0.062714063 0.060493670 -0.057854552 0.029508766 -0.074620090 -0.015389396 0.996656537
1341845706.331753 0.061527129 0.063761249 -0.053473078 0.029334540 -0.075349070 -0.016381068 0.996591032
1341845706.363574 0.065316834 0.060180742 -0.053451531 0.028356401 -0.075652771 -0.015646433 0.996608198
1341845706.399690 0.064136453 0.062894575 -0.052261777 0.028974779 -0.075855300 -0.015593166 0.996575773
1341845706.431735 0.066417530 0.059268832 -0.048271999 0.028944235 -0.075997412 -0.015869966 0.996561527
1341845706.463612 0.066767365 0.063099779 -0.048250221 0.029404065 -0.075128585 -0.014171295 0.996639490
1341845706.499655 0.063819982 0.057287741 -0.052372687 0.029254254 -0.075535528 -0.011988115 0.996641874
1341845706.531782 0.069290325 0.059084482 -0.050673828 0.030243360 -0.076954462 -0.012211713 0.996501029
1341845706.563559 0.074409805 0.056162141 -0.048283383 0.030149752 -0.075506002 -0.012587470 0.996609926
1341845706.599529 0.067855291 0.058407091 -0.047108542 0.031652156 -0.073205672 -0.012251903 0.996739209
1341845706.631786 0.070988655 0.056156624 -0.051398095 0.032905381 -0.074895859 -0.013197378 0.996560931
1341845706.667647 0.075762190 0.058373086 -0.045469046 0.034061935 -0.075018421 -0.012485722 0.996522009
1341845706.700732 0.075044110 0.057796966 -0.050305523 0.034178611 -0.072313264 -0.012657180 0.996715844
1341845706.732115 0.072451614 0.054421742 -0.050021697 0.034244377 -0.071508572 -0.012130616 0.996778190
1341845706.768143 0.072363861 0.054397173 -0.045192193 0.034985997 -0.071308598 -0.010281289 0.996787548
1341845706.800357 0.073792599 0.055860847 -0.048153147 0.035637919 -0.070736900 -0.008140532 0.996825039
1341845706.832602 0.070187166 0.054265592 -0.049057402 0.035512306 -0.070363790 -0.009260694 0.996846080
1341845706.869449 0.074514456 0.062173203 -0.051918469 0.036017664 -0.070736542 -0.008940922 0.996804535
1341845706.933651 0.073785514 0.054831907 -0.048220333 0.034224987 -0.071195535 -0.008893588 0.996835411
1341845706.994021 0.072242469 0.056117348 -0.047564857 0.033133861 -0.070765764 -0.006502821 0.996921301
1341845707.029674 0.072961368 0.054980043 -0.047881238 0.033450749 -0.071187355 -0.004773827 0.996890545
1341845707.061864 0.079565182 0.055231102 -0.045948796 0.034279946 -0.071775869 -0.005036324 0.996818900
1341845707.097704 0.078372538 0.053273972 -0.047717609 0.034162853 -0.070423186 -0.004239318 0.996923089
1341845707.129770 0.077228911 0.051302947 -0.050625611 0.036056355 -0.070101887 -0.003530388 0.996881723
1341845707.161817 0.077017128 0.048601024 -0.051628105 0.038017098 -0.070678182 -0.003219294 0.996769309
1341845707.197721 0.082852885 0.049055453 -0.048920337 0.039093722 -0.070459157 -0.003955697 0.996740520
1341845707.229795 0.077373140 0.044541158 -0.050549023 0.039017498 -0.068459831 -0.004890494 0.996878684
1341845707.261851 0.078470349 0.049184717 -0.050309710 0.040162917 -0.068468191 -0.004255287 0.996835530
1341845707.297710 0.085098021 0.049215298 -0.050081056 0.040226463 -0.068531618 -0.002771689 0.996833801
1341845707.329761 0.083495371 0.050344516 -0.046287764 0.039885812 -0.066899590 -0.003805054 0.996954978
1341845707.365850 0.085189149 0.044562489 -0.044033889 0.039476782 -0.065469258 -0.002706750 0.997069716
1341845707.397796 0.092646673 0.044847187 -0.039214224 0.040797945 -0.066903785 0.000037929 0.996924996
1341845707.429752 0.090840675 0.045577545 -0.038066864 0.042028598 -0.066620663 0.000509366 0.996892750
1341845707.465767 0.091982499 0.045403440 -0.039313458 0.042962536 -0.064926326 -0.000364631 0.996964753
1341845707.497642 0.093181819 0.045676757 -0.040288437 0.043581966 -0.063425295 -0.000462056 0.997034431
1341845707.533665 0.091079444 0.045299944 -0.037776299 0.044450585 -0.062116105 0.000880128 0.997078240
1341845707.565754 0.094085440 0.045561079 -0.041341700 0.045489613 -0.060107403 -0.000444990 0.997154832
1341845707.597603 0.097277775 0.043621831 -0.044207506 0.045474630 -0.058568813 -0.000477993 0.997246981
1341845707.633748 0.094784074 0.044034321 -0.041550640 0.045805380 -0.058000468 0.000648617 0.997265041
1341845707.665870 0.095855594 0.043870889 -0.042963121 0.046403337 -0.058269206 0.001383789 0.997220933
1341845707.698455 0.100243993 0.039947603 -0.046985950 0.044854667 -0.058091260 0.001558594 0.997301877
1341845707.734303 0.099084996 0.040175773 -0.045879811 0.044410579 -0.057632625 0.000764062 0.997349322
1341845707.766259 0.099525191 0.041196700 -0.043562829 0.044701215 -0.057949107 0.001081405 0.997317672
1341845707.836344 0.099742688 0.042363703 -0.044580840 0.046542455 -0.057711575 0.000242436 0.997247756
1341845707.866230 0.103124052 0.043713115 -0.040730469 0.046697486 -0.059084285 0.000561358 0.997160077
1341845707.901694 0.102634378 0.043718290 -0.043969505 0.046019871 -0.059019729 0.001369901 0.997194529
1341845707.933640 0.096920654 0.037118562 -0.043055259 0.045402572 -0.058791343 0.001321005 0.997236490
1341845707.965831 0.097610630 0.033893544 -0.041943807 0.045439154 -0.058998521 0.000068314 0.997223377
1341845708.001954 0.102236427 0.038618710 -0.042666517 0.045815393 -0.059170797 0.001966795 0.997194052
1341845708.034393 0.097337991 0.041922927 -0.037990261 0.046754804 -0.059333730 0.000955675 0.997142196
1341845708.069946 0.103402324 0.043926202 -0.035777066 0.046535145 -0.060325064 0.001654926 0.997092128
1341845708.101700 0.101057813 0.040969837 -0.038464487 0.045617841 -0.059741490 0.000667105 0.997170746
1341845708.133697 0.096583821 0.038192533 -0.042404380 0.045673050 -0.059873618 0.000055410 0.997160554
1341845708.169675 0.100262828 0.042189408 -0.041594218 0.046282668 -0.060933888 -0.000303836 0.997068167
1341845708.201793 0.098160692 0.039262496 -0.044425633 0.045388591 -0.060388137 -0.000670746 0.997142255
1341845708.233744 0.097709209 0.039262973 -0.039527800 0.045950361 -0.061352190 -0.001346336 0.997057021
1341845708.269711 0.098576054 0.038956411 -0.038843583 0.046408597 -0.062293459 -0.000680540 0.996978164
1341845708.301629 0.097987592 0.043373294 -0.043451097 0.047357112 -0.062513560 -0.001849302 0.996918261
1341845708.337612 0.097277388 0.043873910 -0.042894345 0.046877105 -0.062103543 -0.003651387 0.996961594
1341845708.369900 0.097317882 0.043401554 -0.042331118 0.046423566 -0.061804157 -0.003823987 0.997000754
1341845708.401883 0.097282909 0.046427794 -0.044656135 0.047041919 -0.062509447 -0.004460526 0.996925116
1341845708.443610 0.099036053 0.044408228 -0.045802817 0.047055587 -0.062901966 -0.004715516 0.996898711
1341845708.501776 0.097075380 0.043588068 -0.042602580 0.046107348 -0.064105891 -0.003884055 0.996869922
1341845708.543852 0.097110204 0.044783089 -0.043176822 0.046664421 -0.065864116 -0.002959196 0.996732473
1341845708.605675 0.097995371 0.046179023 -0.044577722 0.045947604 -0.067201249 -0.006211170 0.996661603
1341845708.637641 0.095816821 0.046586141 -0.041972890 0.046108253 -0.069013834 -0.005981297 0.996531665
1341845708.669692 0.097381912 0.047743097 -0.046004564 0.046451587 -0.070670545 -0.007838030 0.996386766
1341845708.705736 0.099476047 0.047617428 -0.047564227 0.045298729 -0.070614465 -0.008839928 0.996435463
1341845708.738027 0.097700812 0.047588620 -0.046252735 0.044943076 -0.071326606 -0.008530153 0.996403456
1341845708.773829 0.099230170 0.045915779 -0.046696782 0.044724170 -0.073733434 -0.009059217 0.996233523
1341845708.805763 0.099098280 0.051052917 -0.046575107 0.044599701 -0.073688999 -0.010273488 0.996230602
1341845708.838653 0.097774848 0.046085585 -0.045311607 0.043609153 -0.074225277 -0.010562385 0.996231616
1341845708.873912 0.100134641 0.045670308 -0.047795512 0.043611325 -0.075788364 -0.011971151 0.996097863
1341845708.905735 0.096739560 0.047676727 -0.045967776 0.043530837 -0.075519979 -0.012741127 0.996112227
1341845708.938426 0.099609777 0.045916907 -0.046750531 0.043303002 -0.076639712 -0.014871503 0.996007144
1341845708.973642 0.097762689 0.046097971 -0.044682514 0.043403290 -0.077627048 -0.013700153 0.995943069
1341845709.005742 0.100999817 0.046801642 -0.048796318 0.042949308 -0.078815475 -0.013810069 0.995867848
1341845709.041686 0.098848924 0.047833450 -0.047033735 0.043271601 -0.078910612 -0.015851416 0.995815933
1341845709.073656 0.099198468 0.048181288 -0.047612004 0.042892266 -0.079599619 -0.017020218 0.995758235
1341845709.105658 0.097278230 0.047331680 -0.044702966 0.042709693 -0.080235027 -0.016895588 0.995717287
1341845709.141741 0.101939708 0.048246302 -0.051317804 0.042547327 -0.082298525 -0.017186543 0.995550752
1341845709.173646 0.100639895 0.047686562 -0.049622789 0.041988615 -0.081837833 -0.017525569 0.995606542
1341845709.205765 0.101018839 0.048446041 -0.050421115 0.041639943 -0.082091250 -0.017044753 0.995608687
1341845709.241765 0.093884528 0.054253608 -0.051443532 0.041939944 -0.080770671 -0.018145261 0.995684683
1341845709.273754 0.090205215 0.054996628 -0.049770880 0.041551370 -0.080007188 -0.017842351 0.995768070
1341845709.309890 0.092791207 0.053120539 -0.051806021 0.041314527 -0.080538981 -0.016259467 0.995762169
1341845709.341728 0.092958875 0.054767478 -0.051922310 0.041037485 -0.080783904 -0.015850885 0.995760322
1341845709.373776 0.092193753 0.056243736 -0.051990334 0.040069327 -0.080603138 -0.014869051 0.995829642
1341845709.409657 0.091210783 0.059437517 -0.053453203 0.038702179 -0.080254950 -0.015078223 0.995908618
1341845709.442072 0.090977520 0.055387083 -0.059042439 0.035858203 -0.080639474 -0.012107276 0.996024609
1341845709.473660 0.091283843 0.062756099 -0.055701800 0.035176329 -0.081068829 -0.011915363 0.996016324
1341845709.509632 0.093826659 0.058626033 -0.057057515 0.032842346 -0.081331737 -0.011730437 0.996076763
1341845709.541673 0.086590588 0.062758043 -0.060343537 0.031153362 -0.081309453 -0.010785234 0.996143579
1341845709.578645 0.085280113 0.059960715 -0.055979695 0.030013600 -0.082362674 -0.011217152 0.996087253
1341845709.609672 0.086232029 0.061294693 -0.052976947 0.030003190 -0.083769873 -0.012144684 0.995959342
1341845709.642057 0.089901596 0.063163310 -0.049559422 0.029849013 -0.085463412 -0.010687049 0.995836735
1341845709.709730 0.090757377 0.063819416 -0.050738581 0.029056532 -0.086872168 -0.012224618 0.995720625
1341845709.745593 0.091263853 0.064507023 -0.052202445 0.028512260 -0.086716726 -0.011453037 0.995759070
1341845709.777709 0.090402782 0.063858368 -0.050853405 0.027957553 -0.087022185 -0.011050754 0.995752692
1341845709.809687 0.091451906 0.064012848 -0.052214708 0.028186319 -0.087155029 -0.011992253 0.995723784
1341845709.845686 0.092411287 0.064854652 -0.054001953 0.028162517 -0.085364535 -0.014622915 0.995844364
1341845709.878752 0.092464954 0.064832218 -0.053584248 0.027911451 -0.083724722 -0.015503036 0.995977342
1341845709.909693 0.090361148 0.064313546 -0.053832747 0.028772594 -0.083107576 -0.013747483 0.996030331
1341845709.945663 0.089786910 0.063610457 -0.049843542 0.030563455 -0.084428161 -0.013356550 0.995871186
1341845709.977698 0.090984285 0.063947178 -0.051532924 0.032057282 -0.084687345 -0.013177802 0.995804608
1341845710.013739 0.090247221 0.063419878 -0.050387736 0.032540970 -0.083905555 -0.014214129 0.995840847
1341845710.045754 0.090552457 0.063771531 -0.050611008 0.033343215 -0.083439112 -0.014553512 0.995848656
1341845710.077705 0.093200155 0.065650515 -0.055178523 0.033569623 -0.084194787 -0.014439192 0.995779037
1341845710.113730 0.090229541 0.063615009 -0.050324693 0.033325117 -0.083361827 -0.014947134 0.995849848
1341845710.145759 0.090364650 0.063812777 -0.050301876 0.033480752 -0.083563626 -0.013788379 0.995844424
1341845710.177824 0.092966117 0.065359801 -0.054599684 0.034162063 -0.084684305 -0.013679907 0.995728076
1341845710.213581 0.092662126 0.065324165 -0.054236632 0.034572124 -0.084642671 -0.014200818 0.995710194
1341845710.245636 0.089544706 0.063084498 -0.049733501 0.035191741 -0.084597461 -0.014773404 0.995684028
1341845710.281582 0.080263935 0.057429932 -0.060394522 0.036305379 -0.084733255 -0.016860798 0.995599270
1341845710.313617 0.081690237 0.063572004 -0.060111467 0.037525635 -0.085231535 -0.017289193 0.995504200
1341845710.345643 0.083473936 0.055622891 -0.061125655 0.036388304 -0.085156135 -0.015604760 0.995580673
1341845710.381860 0.082056686 0.052309237 -0.062317230 0.036834806 -0.085358188 -0.016642950 0.995530128
1341845710.413817 0.086144537 0.057113994 -0.059188463 0.037720125 -0.086360633 -0.016338466 0.995415568
1341845710.445824 0.085544258 0.058931939 -0.061350338 0.037172653 -0.085624568 -0.014763774 0.995524406
1341845710.481794 0.084164448 0.056099851 -0.060505737 0.036908582 -0.086310618 -0.015651256 0.995461345
1341845710.513650 0.084717937 0.053661641 -0.060044583 0.036575839 -0.086432442 -0.015359216 0.995467603
1341845710.549635 0.081329331 0.054381963 -0.059508700 0.037263647 -0.086076804 -0.014578327 0.995484650
1341845710.581654 0.085406452 0.054271042 -0.059217140 0.038308974 -0.087220915 -0.014311086 0.995349288
1341845710.613694 0.083132155 0.055768792 -0.062615678 0.038402416 -0.086244449 -0.013765702 0.995438457
1341845710.649564 0.086556755 0.051649153 -0.062671721 0.038268719 -0.086635515 -0.013554215 0.995412588
1341845710.681648 0.086967036 0.054238442 -0.061802231 0.039408498 -0.086855114 -0.013860450 0.995344698
1341845710.713728 0.088208221 0.053670306 -0.062969834 0.039319046 -0.086270966 -0.013327093 0.995406389
1341845710.749785 0.088373303 0.052013975 -0.063869618 0.039312527 -0.085798368 -0.011844956 0.995466173
1341845710.781816 0.088702254 0.049206514 -0.065370627 0.039517574 -0.085837878 -0.012604866 0.995445311
1341845710.817567 0.088699929 0.057786997 -0.059772331 0.040842928 -0.085421041 -0.013252141 0.995419264
1341845710.850205 0.088032350 0.053921539 -0.059316069 0.039925624 -0.084482118 -0.012479421 0.995546579
1341845710.882136 0.087815091 0.051411618 -0.062273446 0.039215650 -0.084928580 -0.011208851 0.995551944
1341845710.917631 0.088891871 0.054427456 -0.060788661 0.039778896 -0.085081249 -0.012377286 0.995502770
1341845710.950281 0.087769173 0.050977893 -0.062067404 0.039212137 -0.083911411 -0.012234167 0.995626271
1341845710.985647 0.088450328 0.049432632 -0.063540183 0.040085163 -0.084982306 -0.011432154 0.995510161
1341845711.017722 0.090449929 0.051105905 -0.065437689 0.041768532 -0.086644411 -0.013647293 0.995269835
1341845711.049965 0.092736915 0.052346166 -0.069758028 0.040424552 -0.084855519 -0.015355049 0.995454490
1341845711.085583 0.090949990 0.055521086 -0.056236465 0.040027387 -0.082840584 -0.013986187 0.995660424
1341845711.117670 0.088953391 0.048659664 -0.065434135 0.039954297 -0.083403461 -0.014096076 0.995614767
1341845711.149770 0.089858562 0.051183462 -0.065121830 0.040181965 -0.083822399 -0.013592078 0.995577455
1341845711.191691 0.085992202 0.047202975 -0.059977688 0.038451042 -0.081774250 -0.013714951 0.995814502
1341845711.253627 0.086961389 0.056950685 -0.061839886 0.041153472 -0.084244281 -0.013325353 0.995505810
1341845711.285627 0.092057116 0.054383237 -0.063335784 0.039720006 -0.085108690 -0.013796476 0.995484054
1341845711.317874 0.089086294 0.052382991 -0.059812594 0.038870905 -0.083858214 -0.014751697 0.995610058
1341845711.353756 0.091034345 0.061268054 -0.056008756 0.038755789 -0.083569951 -0.014937466 0.995635927
1341845711.385687 0.093768626 0.056758873 -0.057209093 0.036690485 -0.082054771 -0.015810527 0.995826781
1341845711.417635 0.086611584 0.050313320 -0.060791574 0.035369940 -0.080570750 -0.015376872 0.996002495
1341845711.485895 0.093135379 0.053804412 -0.059339542 0.037583370 -0.083669849 -0.013618415 0.995691478
1341845711.521704 0.090550244 0.049758516 -0.058714829 0.037503887 -0.082660884 -0.012800257 0.995789528
1341845711.553696 0.090444475 0.053492755 -0.056500155 0.038626280 -0.082506791 -0.012620132 0.995761752
1341845711.585708 0.095183365 0.060375556 -0.058872521 0.038583923 -0.082198985 -0.013354522 0.995779276
1341845711.621659 0.092980325 0.056505412 -0.055099994 0.037430193 -0.080751143 -0.013287102 0.995942652
1341845711.653731 0.089595675 0.055988412 -0.057637457 0.037600063 -0.080737181 -0.013273394 0.995937526
1341845711.685758 0.093154266 0.056810901 -0.055073991 0.037689056 -0.081456125 -0.012516784 0.995885432
1341845711.721850 0.090656526 0.053311531 -0.054473586 0.037658509 -0.080810040 -0.012045309 0.995945036
1341845711.754323 0.086507261 0.055079103 -0.055104889 0.038286358 -0.081074886 -0.011449634 0.995906591
1341845711.789716 0.091868073 0.056188993 -0.056693174 0.038696278 -0.082664832 -0.011596806 0.995758295
1341845711.821820 0.091361672 0.055379506 -0.053547353 0.038729995 -0.082444869 -0.011663832 0.995774508
1341845711.854173 0.091344401 0.057795256 -0.055660121 0.039410684 -0.082224175 -0.012041884 0.995761514
1341845711.889875 0.094558880 0.061712306 -0.051201038 0.039257281 -0.081168041 -0.013160046 0.995840132
1341845711.923959 0.093512304 0.057056434 -0.056689732 0.037618317 -0.078850150 -0.013166232 0.996089458
1341845711.957595 0.089486249 0.058760189 -0.055600047 0.037153278 -0.078006662 -0.014596960 0.996153414
1341845711.989820 0.095601089 0.058654975 -0.053246375 0.036609821 -0.078355998 -0.015346943 0.996134877
1341845712.057899 0.091899171 0.059155356 -0.054639615 0.035393551 -0.077588752 -0.012828800 0.996274412
1341845712.090038 0.100391872 0.058253188 -0.060015410 0.034365240 -0.077291429 -0.016908469 0.996272624
1341845712.127587 0.095560133 0.062403884 -0.055026822 0.033629961 -0.074446954 -0.017076105 0.996511519
1341845712.195638 0.089476429 0.063182808 -0.051482014 0.035930168 -0.078821659 -0.014771315 0.996131539
1341845712.257830 0.091325149 0.056007504 -0.054560043 0.033283483 -0.075505465 -0.017356509 0.996438682
1341845712.289935 0.090922534 0.057062373 -0.055084772 0.033819456 -0.076094426 -0.016676631 0.996387362
